State

North Dakota

Ohio

Oklahoma

Oregon

Pennsylvania

South Carolina

South Dakota

Tennessee

Texas

Utah

Virginia

Washington

West Virginia

Wisconsin

Terminations

NonRenewals

Reacquired
by
Franchisor

0
0
0
2
1
0
1
2
1
0
3
1
1

0
0
0
0
0
0
0
0
0
0
0
0
0

0
0
0
0
2
0
0
1
1
0
2
0
0

0
0
0
0
0
0
0
0
0
0
0
0
0

Ceased
Operation
- Other
Reasons
0
0
0
2
0
0
3
0
0
0
0
0
0

1
2
2
3
1
0
0
0
1
1
1
6
6
1
3
3
0
3
3
1
1
1
0
1
0
0
4
2
0

1
0
0
0
0
0
0
0
0
0
0
0
0
0
0
0
0
0
0
0
0
0
0
0
0
0
0
0
0

0
1
0
0
2
0
0
1
0
0
0
2
0
1
0
0
0
1
0
1
0
1
0
0
0
0
1
0
1

0
0
0
0
0
0
0
0
0
0
0
0
0
0
0
0
0
0
0
0
0
0
0
0
0
0
0
0
0

0
0
0
1
0
0
0
0
0
0
0
3
2
7
2
0
0
3
0
1
2
2
1
0
1
0
1
1
1

Year

Outlets at
Start of
Year

Outlets
Opened

2022
2023
2024
2022
2023
2024
2022
2023
2024
2022
2023
2024
2022

11
11
11
158
158
157
90
88
89
31
31
32
56

2023
2024
2022
2023
2024
2022
2023
2024
2022
2023
2024
2022
2023
2024
2022
2023
2024
2022
2023
2024
2022
2023
2024
2022
2023
2024
2022
2023
2024

57
57
62
64
66
20
20
20
36
37
38
162
163
167
41
42
45
68
67
70
60
59
57
40
41
40
87
89
90

71
Arby’s 2025/07 Amended FDD
1619523061.4

Outlets at
End of the
Year
11
11
11
158
157
157
88
89
89
31
32
33
57
57
58
64
66
65
20
20
19
37
38
39
163
167
160
42
45
45
67
70
69
59
57
56
41
40
40
89
90
88

