State

Arizona

Arkansas

California

Colorado

Delaware

Florida

Georgia

Hawaii

Idaho

Illinois

Indiana

Iowa

Kansas

Kentucky

Louisiana

Terminations

NonRenewals

Reacquired
by
Franchisor

2
1
2
2
0
1
4
3
2
1
1

0
0
0
0
0
0
0
0
0
0
0

1
1
0
0
0
0
3
1
2
0
1

0
0
0
0
0
0
0
0
0
0
0

Ceased
Operation
- Other
Reasons
0
0
0
0
0
1
2
2
2
1
3

2
0
1
1
3
4
0
3
2
1
0
0
0
0
1
0
5
1
1
3
0
1
2
0
0
0
0
1*
1
0
1
1
2
1

0
0
0
0
0
0
0
0
0
0
0
0
0
0
0
0
0
0
0
0
0
0
0
0
0
0
0
0
0
0
0
0
0
0

1
0
0
0
0
0
0
1
0
1
1
0
0
0
0
0
3
0
10
0
0
0
0
2
1
0
0
1
0
1
0
0
0
0

0
0
0
0
0
0
0
2
0
0
0
0
0
0
0
0
0
0
0
0
0
0
0
0
0
0
0
0
0
0
0
0
0
0

3
0
1
1
0
2
1
1
1
1
0
0
0
0
0
0
5
1
6
1
0
1
0
0
0
0
1
1
0
0
0
0
1
3

Year

Outlets at
Start of
Year

Outlets
Opened

2022
2023
2024
2022
2023
2024
2022
2023
2024
2022
2023

63
64
64
46
48
48
84
83
83
77
77

2024
2022
2023
2024
2022
2023
2024
2022
2023
2024
2022
2023
2024
2022
2023
2024
2022
2023
2024
2022
2023
2024
2022
2023
2024
2022
2023
2024
2022
2023
2024
2022
2023
2024

74
15
15
15
97
100
102
49
48
49
3
2
2
22
22
23
122
119
119
67
69
69
58
60
58
60
60
59
66
67
66
28
29
30

69
Arby’s 2025/07 Amended FDD
1619523061.4

Outlets at
End of the
Year
64
64
66
48
48
48
83
83
81
77
74
72
15
15
15
100
102
101
48
49
48
2
2
2
22
23
23
119
119
104
69
69
69
60
58
57
60
59
58
67
66
67
29
30
28

