State

Year
2022
2023
2024
2022
2023
2024
2022
2023
2024
2022
2023
2024
2022
2023
2024
2022
2023
2024
2022
2023
2024
2022
2023
2024
2022
2023
2024
2022
2023
2024
2022
2023
2024
2022
2023
2024
2022
2023
2024
2022
2023
2024

Florida

Georgia

Indiana

Iowa

Kentucky

Maine

Maryland

Michigan

Minnesota

Mississippi

Nevada

New York

Ohio

Oregon

67
Arby’s 2025/07 Amended FDD
1619523061.4

Number of
Transfers
0
0
5
0
0
3
1
12
0
0
1
12
4
1
0
0
1
2
0
4
0
0
3
0
0
1
0
0
0
2
0
0
1
1
0
3
16
0
0
0
19
0

