 
4421206v3.RWT.30864.G56954 
State 
Year 
Outlets 
at Start 
of Year 
Outlets 
Opened 
Terminations 
Non-
Renewals 
Reacquired 
by 
Franchisor 
Ceased 
Operations – 
Other 
Reasons 
Outlets 
at End 
of the 
Year 
2024 
0 
1 
0 
0 
0 
0 
1 
CO 
2022 
1 
1 
0 
0 
0 
0 
2 
2023 
2 
1 
0 
0 
0 
0 
3 
2024 
3 
0 
0 
0 
0 
0 
3 
FL 
2022 
1 
1 
0 
0 
0 
0 
2 
2023 
2 
0 
0 
0 
0 
0 
2 
2024 
2 
2 
0 
0 
0 
0 
4 
GA 
2022 
2 
0 
0 
0 
0 
0 
2 
2023 
2 
1 
0 
0 
0 
0 
3 
2024 
3 
1 
0 
0 
0 
0 
4 
KY 
2022 
0 
0 
0 
0 
0 
0 
0 
2023 
0 
1 
0 
0 
0 
0 
1 
2024 
1 
0 
0 
0 
0 
0 
1 
NE 
2022 
0 
0 
0 
0 
0 
0 
0 
2023 
0 
0 
0 
0 
0 
0 
0 
2024 
0 
1 
0 
0 
0 
0 
1 
NC 
2022 
5 
1 
0 
0 
0 
0 
6 
2023 
6 
1 
0 
0 
0 
0 
7 
2024 
7 
1 
0 
0 
0 
0 
8 
OH 
2022 
1 
0 
0 
0 
0 
0 
1 
2023 
1 
1 
0 
0 
0 
0 
2 
2024 
2 
1 
0 
0 
0 
0 
3 
PA 
2022 
0 
1 
0 
0 
0 
0 
1 
2023 
1 
0 
0 
0 
0 
0 
1 
2024 
1 
0 
0 
0 
0 
0 
1 
SC 
2022 
4 
2 
0 
0 
0 
0 
6 
2023 
6 
0 
0 
0 
0 
0 
6 
2024 
6 
0 
0 
0 
0 
0 
6 
TN 
2022 
2 
0 
0 
0 
0 
0 
2 
2023 
2 
0 
0 
0 
0 
0 
2 
2024 
2 
0 
0 
0 
0 
0 
2 
TX 
2022 
1 
3 
0 
0 
0 
0 
4 
2023 
4 
3 
0 
0 
0 
1 
6 
2024 
6 
0 
0 
0 
0 
1 
5 
