                          CHICK-FIL-A FRANCHISED RESTAURANTS

               Outlets                                                      Ceased       Outlets
                                                              Reacquired
               at Start                              Non-                  Operations-   at End
State   Year               Opened   Terminations                  by
                  of                               Renewals                  Other       of the
                                                              Franchisor
                Year                                                        Reasons       Year
        2022        34          2             0          0             2            0        34
OK      2023        34          5             0          0             0            0        39
        2024        39          4             0          0             0            0        43
        2022         7          2             0          0             0            0         9
OR      2023         9          1             0          0             0            0        10
        2024        10          3             0          0             0            0        13
        2022        67          4             0          0             1            1        69
PA      2023        69         10             0          0             1            0        78
        2024        78          5             0          0             0            0        83
        2022         1          0             0          0             0            0         1
RI      2023         1          0             0          0             0            0         1
        2024         2          0             0          0             0            0         2
        2022        77          7             0          0             4            0        80
SC      2023        80          2             0          0             1            0        81
        2024        79          4             0          0             1            1        81
        2022         1          0             0          0             0            0         1
SD      2023         1          0             0          0             0            0         1
        2024         1          0             0          0             0            0         1
        2022        71          2             0          0             0            0        73
TN      2023        72          7             0          0             1            0        78
        2024        78          4             0          0             2            0        80
        2022       376         31             0          0            15            5       387
TX      2023       388         39             0          0            12            0       415
        2024       415         33             0          0            18            1       429
        2022        28          0             0          0             3            0        25
UT      2023        24          5             0          0             2            0        27
        2024        27          1             0          0             0            0        28
        2022       112          4             0          0             4            0       112
VA      2023       111         14             0          0             6            0       119
        2024       118          8             0          0             6            0       120
        2022        19          0             0          0             0            0        19
WA      2023        19          2             0          0             0            0        21
        2024        21          0             0          0             2            0        19
        2022        17          0             0          0             2            0        15
WV      2023        15          3             0          0             0            0        16
        2024        16          2             0          0             0            0        18



                                            83
