                    CHICK-FIL-A FRANCHISED RESTAURANTS

                  Outlets                                           Ceased     Outlets
                                                        Reacquired
                  at Start                       Non-              Operations- at End
 State   Year              Opened Terminations              by
                     of                        Renewals              Other     of the
                                                        Franchisor
                   Year                                             Reasons     Year
           2022       6        0            0         0          0           0      6
ID         2023       6        0            0         0          0           0      6
           2024       6        0            0         0          1           0      5
           2022      46        6            0         0          4           0     48
IL         2023      48        9            0         0          5           1     51
           2024      52        7            0         0          3           0     56
           2022      36        7            0         0          2           0     41
IN         2023      42        4            0         0          1           0     45
           2024      45        5            0         0          1           0     49
           2022      12        2            0         0          1           0     13
IA         2023      13        0            0         0          0           0     13
           2024      13        6            0         0          2           0     17
           2022      16        2            0         0          0           0     18
KS         2023      18        2            0         0          2           1     17
           2024      18        2            0         0          0           0     20
           2022      30        4            0         0          0           0     34
KY         2023      34        4            0         0          1           0     37
           2024      38        2            0         0          1           0     39
           2022      34        9            0         0          2           1     40
LA         2023      40        8            0         0          3           0     45
           2024      45        1            0         0          1           0     45
           2022       2        0            0         0          0           0      2
ME         2023       2        0            0         0          0           0      2
           2024       2        0            0         0          0           0      2
           2022      73        3            0         0          1           1     74
MD         2023      74        7            0         0          1           0     80
           2024      77        4            0         0          1           0     80
           2022      16        2            0         0          1           0     17
MA         2023      17        0            0         0          0           0     17
           2024      17        2            0         0          0           0     19
           2022      15        6            0         0          0           0     21
MI         2023      21        3            0         0          0           0     24
           2024      24        4            0         0          0           0     28
           2022      16        4            0         0          1           0     19
MN         2023      19        2            0         0          0           0     21
           2024      21        2            0         0          0           0     23



                                       81
