                           CHICK-FIL-A LICENSED UNITS

               Outlet                                                         Outlet
                                                      Reacquire    Ceased
                s at                           Non-                            s at
Stat                     Opene   Terminatio             d by      Operation
       Year    Start                          Renewal                          End
 e                         d         ns               Franchiso    s-Other
                 of                              s                            of the
                                                          r       Reasons
               Year                                                           Year
        2022         0       0            0         0         0           0         0
MT      2023         0       0            0         0         0           0         0
        2024         0       1            0         0         0           0         1
        2022         3       0            0         0         0           0         3
NE      2023         3       0            1         0         0           0         2
        2024         2       1            0         0         0           0         3
        2022         1       0            0         0         0           0         1
NV      2023         1       0            0         0         0           0         1
        2024         1       0            0         0         0           0         1
        2022         3       0            0         0         0           0         3
NJ      2023         3       2            0         0         0           0         5
        2024         5       1            0         0         0           0         6
        2022         2       0            0         0         0           0         2
NM      2023         2       0            0         0         0           0         2
        2024         2       0            0         0         0           0         2
        2022         1       1            0         0         0           0         2
NY      2023         2       5            0         0         0           0         7
        2024         7       4            0         0         0           0       11
        2022       26        0            0         0         0           0       26
NC      2023       26        0            2         0         0           0       24
        2024       24        0            1         0         0           0       23
        2022         1       0            0         0         0           0         1
ND      2023         1       0            0         0         0           0         1
        2024         1       0            0         0         0           0         1
        2022         8       0            1         0         0           0         7
OH      2023         7       2            1         0         0           0         8
        2024         8       0            0         0         0           0         8
        2022       12        0            1         0         0           0       11
OK      2023       11        1            0         0         0           0       12
        2024       12        0            0         0         0           0       12
        2022       20        2            0         0         0           0       22
PA      2023       22        1            0         0         0           0       23
        2024       23        0            0         0         0           0       23
        2022       18        1            1         0         0           0       18
SC      2023       18        1            0         0         0           0       19
        2024       19        1            0         0         0           0       20

                                        87
