                    CHICK-FIL-A FRANCHISED RESTAURANTS

                 Outlets                                               Ceased       Outlets
                                                           Reacquired
                 at Start                         Non-                Operations-   at End
State   Year                Opened Terminations                by
                    of                          Renewals                Other       of the
                                                           Franchisor
                  Year                                                 Reasons       Year
          2022        24         7            0        0           2           0        29
MS        2023        29         1            0        0           0           0        30
          2024        30         3            0        0           3           1        29
          2022        28         4            0        0           1           0        31
MO        2023        31         5            0        0           1           0        35
          2024        35         4            0        0           1           0        38
          2022         1         1            0        0           0           0         2
MT        2023         2         1            0        0           0           0         3
          2024         3         0            0        0           0           0         3
          2022         8         0            0        0           1           0         7
NE        2023         7         2            0        0           1           0         8
          2024         8         2            0        0           1           0         9
          2022        12         3            0        0           0           0        15
NV        2023        15         1            0        0           0           0        16
          2024        15         1            0        0           0           0        16
          2022         2         1            0        0           0           0         3
NH        2023         3         0            0        0           0           0         3
          2024         3         1            0        0           0           0         4
          2022        44        11            0        0           7           1        47
NJ        2023        47         7            0        0           3           0        51
          2024        52         7            0        0           3           0        56
          2022        12         0            0        0           0           0        12
NM        2023        12         2            0        0           3           0        11
          2024        11         1            0        0           0           0        12
          2022       147        11            0        0           2           0       156
NC        2023       155        11            0        0           3           0       163
          2024       163         9            0        0           8           0       164
          2022         3         0            0        0           0           0         3
ND        2023         3         0            0        0           0           0         3
          2024         3         1            0        0           1           0         3
          2022        28         8            0        0           1           0        35
NY        2023        35         5            0        0           0           0        40
          2024        40        10            0        0           1           0        49
          2022        63         7            0        0           2           0        68
OH        2023        68         6            0        0           2           0        72
          2024        72         7            0        0           5           1        73



                                         82
