Item 20 
03/2025 
Page 111 
State 
Year 
Outlets at 
Start of 
Year 
Outlets 
Opened
Terminations 
Non-
Renewals 
Reacquired 
by 
Franchisor 
Ceased-
Operatio
ns Other 
Reasons 
Outlets at 
the End of 
the Year 
OR 
2022 
83 
0 
0 
0 
0 
2 
81 
2023 
81 
2 
0 
0 
0 
2 
81 
2024
81
2
0
1
0
0
82
PA 
2022 
273 
3 
0 
0 
0 
6 
270 
2023 
270 
6 
0 
1 
1 
4 
270 
2024
270
3v
0
1
64
0
208
RI 
2022 
25 
0 
0 
0 
0 
0 
25 
2023 
25 
0 
0 
0 
0 
0 
25 
2024
25
0
0
0
0
0
25
SC 
2022 
147 
2 
0 
0 
0 
1 
148 
2023 
148 
0 
0 
1 
0 
0 
147 
2024
147
0
0
0
43
11
93
SD 
2022 
27 
0 
0 
1 
0 
0 
26 
2023 
26 
0 
0 
0 
0 
2 
24 
2024
24
1
0
0
0
0
25
TN 
2022 
183 
1 
0 
0 
0 
0 
184 
2023 
184 
0 
0 
0 
0 
2 
182 
2024
182
1v
0
0
113
1
69
TX 
2022 
585 
11 
0 
0 
0 
6 
590 
2023 
590 
6 
0 
1 
0 
13 
582 
2024
582
5
0
6
0
6
575
UT 
2022 
69 
0 
0 
0 
0 
1 
68 
2023 
68 
4 
0 
0 
17 
16 
39 
2024
39
3v
0
0
0
0
42
VA 
2022 
185 
3 
0 
0 
0 
12 
176 
2023 
176 
1 
0 
0 
0 
5 
172 
2024
172
0
0
0
66
1
105
VT 
2022 
6 
0 
0 
0 
0 
0 
6 
2023 
6 
1 
0 
0 
0 
0 
7 
2024
7
0
0
0
7
0
0
WA 
2022 
120 
1 
0 
1 
0 
5 
115 
2023 
115 
1 
0 
1 
0 
0 
115 
2024
115
1
0
0
0
2
114
WI 
2022 
118 
3 
0 
0 
0 
4 
117 
2023 
117 
1 
0 
1 
0 
5 
112 
2024
112
0
0
0
0
0
112
