Item 20 
03/2025 
Page 108 
State 
Year 
Outlets at 
Start of 
Year 
Outlets 
Opened
Terminations 
Non-
Renewals 
Reacquired 
by 
Franchisor 
Ceased-
Operatio
ns Other 
Reasons 
Outlets at 
the End of 
the Year 
AL 
2022 
163 
2 
0 
0 
0 
0 
165 
2023 
165 
0 
0 
0 
0 
19 
146 
2024
146
7v
0
1
41
0
111
AR 
2022 
79 
1 
0 
0 
0 
0 
80 
2023 
80 
0 
0 
0 
0 
0 
80 
2024
80
0 
0 
2 
9 
0 
69
AZ 
2022 
179 
3 
0 
0 
0 
5 
177 
2023 
177 
0 
0 
0 
0 
2 
175 
2024
175
1
0
1
0
4
171
CA 
2022 
540 
5 
0 
3 
0 
15 
527 
2023 
528 
3 
0 
9 
0 
18 
504 
2024
504
1 
0 
12 
0 
11 
482
CO 
2022 
107 
0 
0 
0 
0 
0 
107 
2023 
107 
2 
0 
2 
0 
5 
102 
2024
102
0 
0 
0 
0 
0 
102
CT 
2022 
65 
0 
0 
0 
0 
0 
65 
2023 
65 
1 
0 
0 
0 
1 
65 
2024
65
1
0
0
0
1
65
DC 
2022 
2 
1 
0 
0 
0 
0 
3 
2023 
3 
0 
0 
0 
0 
1 
2 
2024
2
0
0
1
0
0
1
DE 
2022 
20 
0 
0 
0 
0 
0 
20 
2023 
20 
0 
0 
0 
0 
0 
20 
2024
20
0 
0 
0 
0 
0 
20
FL 
2022 
492 
8 
0 
0 
0 
3 
497 
2023 
497 
4 
0 
7 
55 
20 
419 
2024
419
4
0
5
0
10
408
GA 
2022 
278 
3 
0 
0 
0 
1 
280 
2023 
280 
3 
0 
0 
0 
12 
271 
2024
271
3
0
0
2
5
267
HI 
2022 
29 
0 
0 
0 
0 
1 
28 
2023 
28 
0 
0 
1 
0 
2 
25 
2024
25
0
0
0
0
0
25
IA 
2022 
76 
0 
0 
0 
0 
7 
69 
2023 
69 
0 
0 
0 
0 
6 
63 
2024
63
2
0
0
0
0
65
