State

Year

Outlets at
Start of
Year

OR

2022
2023

83
81

0
2

0
0

0
0

0
0

CeasedOperatio
ns Other
Reasons
2
2

PA

2024
2022
2023

81
273
270

2
3
6

0
0
0

1
0
1

0
0
1

0
6
4

82
270
270

RI

2024
2022
2023

270
25
25

3v
0
0

0
0
0

1
0
0

64
0
0

0
0
0

208
25
25

SC

2024
2022
2023

25
147
148

0
2
0

0
0
0

0
0
1

0
0
0

0
1
0

25
148
147

SD

2024
2022
2023

147
27
26

0
0
0

0
0
0

0
1
0

43
0
0

11
0
2

93
26
24

TN

2024
2022
2023

24
183
184

1
1
0

0
0
0

0
0
0

0
0
0

0
0
2

25
184
182

TX

2024
2022
2023

182
585
590

1v
11
6

0
0
0

0
0
1

113
0
0

1
6
13

69
590
582

UT

2024
2022
2023

582
69
68

5
0
4

0
0
0

6
0
0

0
0
17

6
1
16

575
68
39

VA

2024
2022
2023

39
185
176

3v
3
1

0
0
0

0
0
0

0
0
0

0
12
5

42
176
172

VT

2024
2022
2023

172
6
6

0
0
1

0
0
0

0
0
0

66
0
0

1
0
0

105
6
7

WA

2024
2022
2023

7
120
115

0
1
1

0
0
0

0
1
1

7
0
0

0
5
0

0
115
115

WI

2024
2022
2023

115
118
117

1
3
1

0
0
0

0
0
1

0
0
0

2
4
5

114
117
112

2024

112

0

0

0

0

0

112

Item 20
03/2025

Outlets
Opened

Terminations

NonRenewals

Reacquired
by
Franchisor

Outlets at
the End of
the Year

Page 111

81
81

