State

MI

MO

MS

MT

NC

NJ

NY

OH

PA

SC

TN

UT

VA

Item 20
03/2025

Year

Outlets at
Start of
Year

Outlets
Opened

2022
2023
2024
2022
2023
2024
2022
2023
2024
2022
2023
2024
2022
2023
2024
2022
2023
2024
2022
2023
2024
2022
2023
2024
2022
2023
2024
2022
2023
2024
2022
2023
2024
2022
2023
2024
2022
2023
2024

0
0
0
0
0
0
0
0
0
0
0
12
0
0
0
0
0
0
0
0
0
0
0
0
0
0
1
0
0
0
0
0
0
0
0
17
0
0
0

0
0
0
0
0
0
0
0
0
0
0
0
0
0
0
0
0
0
0
0
0
0
0
0
0
0
0
0
0
0
0
0
0
0
0
0
0
0
0

Outlets
Reacquired
from
Franchisee
0
0
56
0
0
1
0
0
33
0
12
0
0
0
154
0
0
10
0
0
124
0
0
115
0
1
64
0
0
43
0
0
113
0
17
0
0
0
66

Outlets
Closed

Outlets
Sold to
Franchisee

Outlets at
End of the
Year

0
0
1
0
0
0
0
0
0
0
0
0
0
0
0
0
0
0
0
0
0
0
0
0
0
0
1
0
0
0
0
0
2
0
0
0
0
0
1

0
0
0
0
0
0
0
0
0
0
0
0
0
0
0
0
0
0
0
0
0
0
0
0
0
0
1
0
0
0
0
0
1
0
0
2
0
0
0

0
0
55
0
0
1
0
0
33
0
12
12
0
0
154
0
0
10
0
0
124
0
0
115
0
1
63
0
0
43
0
0
110
0
17
15
0
0
65

Page 114

