State

Year

Outlets at
Start of
Year

AL

2022
2023

163
165

2
0

0
0

0
0

0
0

CeasedOperatio
ns Other
Reasons
0
19

AR

2024
2022
2023

146
79
80

AZ

80
179
177

0
0
0
0
0
0

1
0
0
2
0
0

41
0
0
9
0
0

0
0
0
0
5
2

111
80
80

2024
2022
2023

7v
1
0
0
3
0

CA

2024
2022
2023

175
540
528

CO

504
107
107

CT

2024
2022
2023

102
65
65

0
0
0
0
0
0
0
0
0

1
3
9
12
0
2
0
0
0

0
0
0
0
0
0
0
0
0

4
15
18
11
0
5
0
0
1

171
527
504

2024
2022
2023

1
5
3
1
0
2
0
0
1

DC

2024
2022
2023

65
2
3

1
1
0

0
0
0

0
0
0

0
0
0

1
0
1

65
3
2

DE

2024
2022
2023

2
20
20

FL

20
492
497

0
0
0
0
0
0

1
0
0
0
0
7

0
0
0
0
0
55

0
0
0
0
3
20

1
20
20

2024
2022
2023

0
0
0
0
8
4

20
497
419

GA

2024
2022
2023

419
278
280

4
3
3

0
0
0

5
0
0

0
0
0

10
1
12

408
280
271

HI

2024
2022
2023

271
29
28

3
0
0

0
0
0

0
0
1

2
0
0

5
1
2

267
28
25

IA

2024
2022
2023

25
76
69

0
0
0

0
0
0

0
0
0

0
0
0

0
7
6

25
69
63

2024

63

2

0

0

0

0

65

Item 20
03/2025

Outlets
Opened

Terminations

NonRenewals

Reacquired
by
Franchisor

Outlets at
the End of
the Year
165
146

69
177
175

482
107
102
102
65
65

Page 108

