State

Year

Outlets at
Start of
Year

ID

2022
2023

36
37

1
1

0
0

0
1

0
0

CeasedOperatio
ns Other
Reasons
0
0

IL

2024
2022
2023

37
293
283

0
1
1

0
0
0

1
0
2

0
0
0

0
10
9

36
284
273

IN

2024
2022
2023

273
192
190

KS

188
66
66

0
0
0
0
0
0

4
0
1
1
0
1

16
0
0
101
0
0

3
4
1
0
1
3

253
190
188

2024
2022
2023

3
2
0
0
1
0

KY

2024
2022
2023

62
102
103

1
2
0

0
0
0

0
0
0

0
0
0

1
1
2

62
103
101

LA

2024
2022
2023

101
155
155

3
0
0

0
0
0

0
0
0

41
0
0

0
0
10

63
155
145

MA

2024
2022
2023

145
118
119

1
1
2

0
0
0

0
0
1

17
0
0

2
0
1

127
119
119

MD

2024
2022
2023

119
116
116

0
2
1

0
0
0

1
0
1

1
0
0

0
2
4

117
116
112

ME

2024
2022
2023

112
28
27

2
0
0

0
0
0

0
0
0

29
0
0

0
1
0

85
27
27

MI

2024
2022
2023

27
278
275

0
0
2

0
0
0

0
1
1

14
0
0

0
2
32

13
275
244

MN

2024
2022
2023

244
114
108

5
0
0

0
0
0

3
2
7

56
0
0

1
4
3

189
108
98

MO

2024
2022
2023

98
127
124

0
0
0

0
0
0

1
0
3

0
0
0

1
3
10

96
124
111

2024

111

0

0

1

1

1

108

Item 20
03/2025

Outlets
Opened

Terminations

NonRenewals

Reacquired
by
Franchisor

Outlets at
the End of
the Year
37
37

86
66
62

Page 109

