State

Year

Outlets at
Start of
Year

MS

2022
2023

89
89

0
0

0
0

0
0

0
0

CeasedOperatio
ns Other
Reasons
0
4

MT

2024
2022
2023

85
24
22

0
0
0

0
0
0

1
0
0

33
0
12

0
2
6

51
22
4

NC

2024
2022
2023

4
239
238

0
4
2

0
0
0

0
0
1

0
0
0

0
4
4

4
239
235

ND

2024
2022
2023

235
21
21

0
0
0

0
0
0

0
0
0

154
0
0

1
0
6

80
21
15

NE

2024
2022
2023

15
64
64

2
0
0

0
0
0

0
0
0

0
0
0

0
0
8

17
64
56

NH

2024
2022
2023

56
30
30

0
0
0

0
0
0

0
0
0

0
0
0

1
0
1

55
30
29

NJ

2024
2022
2023

29
180
180

0
3
2

0
0
0

0
0
4

0
0
0

1
3
6

28
180
172

NM

2024
2022
2023

172
53
53

NV

53
67
68

0
0
0
0
0
0

3
0
0
0
0
1

10
0
0
0
0
0

3
0
1
0
0
0

157
53
53

2024
2022
2023

1
0
1
0
1
1

NY

2024
2022
2023

68
346
352

1
12
10

0
0
0

1
0
7

0
0
0

1
6
8

67
352
347

OH

2024
2022
2023

347
315
299

8
2
2

0
0
0

1
0
0

124
0
0

0
18
11

230
299
290

OK

2024
2022
2023

290
63
63

1
1
0

0
0
0

0
0
0

115
0
0

0
1
3

176
63
60

2024

60

0

0

0

0

1

59

Item 20
03/2025

Outlets
Opened

Terminations

NonRenewals

Reacquired
by
Franchisor

Outlets at
the End of
the Year
89
85

53
68
68

Page 110

