 
 
 
 
 
55 
Express FDD 2025 
 
 
 
2023 
2 
0 
0 
0 
0 
0 
2 
 
2024 
2 
0 
0 
0 
0 
0 
2 
 
Mississippi 
2022 
2 
0 
0 
0 
0 
1 
1 
 
2023 
1 
0 
0 
0 
0 
0 
1 
 
2024 
1 
0 
0 
0 
0 
0 
1 
 
Missouri 
2022 
8 
0 
0 
0 
0 
0 
8 
 
2023 
8 
0 
0 
0 
0 
0 
8 
 
2024 
8 
0 
0 
0 
0 
0 
8 
 
Nebraska 
2022 
2 
0 
0 
1 
0 
1 
0 
 
2023 
0 
0 
0 
0 
0 
0 
0 
 
2024 
0 
0 
0 
0 
0 
0 
0 
 
Nevada 
2022 
2 
0 
0 
0 
0 
0 
2 
 
2023 
2 
0 
0 
0 
0 
1 
1 
 
2024 
1 
2 
0 
0 
0 
0 
3 
 
New Jersey 
2022 
6 
0 
0 
0 
0 
0 
6 
 
2023 
6 
0 
0 
0 
0 
0 
6 
 
2024 
6 
0 
0 
0 
0 
1 
5 
 
New Mexico 
2022 
2 
1 
0 
0 
0 
0 
3 
 
2023 
3 
0 
0 
0 
0 
0 
3 
 
2024 
3 
0 
0 
0 
0 
0 
3 
 
New York 
2022 
15 
1 
0 
0 
0 
3 
13 
 
2023 
13 
0 
0 
0 
0 
0 
13 
 
2024 
13 
0 
0 
0 
0 
0 
13 
 
North 
Carolina 
2022 
5 
0 
0 
0 
0 
0 
5 
 
2023 
5 
0 
0 
0 
0 
1 
4 
 
2024 
4 
0 
0 
0 
0 
1 
3 
 
North Dakota 
2022 
1 
0 
0 
0 
0 
0 
1 
 
2023 
1 
0 
0 
0 
0 
0 
1 
 
2024 
1 
0 
0 
0 
0 
0 
1 
 
Ohio 
2022 
5 
0 
0 
0 
0 
2 
3 
 
2023 
3 
0 
0 
0 
0 
0 
3 
 
2024 
3 
0 
0 
0 
0 
0 
3 
 
Oklahoma 
2022 
6 
0 
0 
0 
0 
1 
5 
 
2023 
5 
0 
0 
0 
0 
0 
5 
 
2024 
5 
0 
0 
0 
0 
1 
4 
 
Oregon 
2022 
3 
0 
0 
0 
0 
0 
3 
 
2023 
3 
0 
0 
0 
0 
0 
3 
 
2024 
3 
0 
0 
0 
0 
0 
3 
 
Pennsylvania 
2022 
5 
0 
0 
0 
0 
1 
4 
 
2023 
4 
1 
0 
2 
0 
0 
3 
 
2024 
3 
0 
0 
0 
0 
0 
3 
 
South 
2022 
4 
1 
0 
0 
0 
0 
5 
 
