 
 
 
 
 
54 
Express FDD 2025 
 
 
 
2023 
2 
0 
0 
0 
0 
0 
2 
 
2024 
2 
0 
0 
0 
0 
0 
2 
 
Connecticut 
2022 
7 
0 
0 
0 
0 
0 
7 
 
2023 
7 
0 
0 
0 
0 
1 
6 
 
2024 
6 
0 
0 
0 
0 
1 
5 
 
Florida 
2022 
11 
0 
0 
0 
0 
2 
9 
 
2023 
9 
0 
0 
0 
0 
0 
9 
 
2024 
9 
0 
0 
2 
0 
0 
7 
 
Georgia 
2022 
7 
0 
0 
0 
0 
0 
7 
 
2023 
7 
1 
0 
0 
0 
0 
8 
 
2024 
8 
0 
0 
0 
0 
0 
8 
 
Idaho 
2022 
3 
0 
0 
0 
0 
0 
3 
 
2023 
3 
0 
0 
0 
0 
0 
3 
 
2024 
3 
0 
0 
0 
0 
0 
3 
 
Illinois 
2022 
12 
0 
0 
0 
0 
0 
12 
 
2023 
12 
0 
0 
1 
0 
1 
10 
 
2024 
10 
1 
0 
0 
0 
0 
11 
 
Indiana 
2022 
11 
0 
0 
0 
0 
2 
9 
 
2023 
9 
0 
0 
0 
0 
0 
9 
 
2024 
9 
0 
0 
0 
0 
0 
9 
 
Iowa 
2022 
1 
0 
0 
0 
0 
0 
1 
 
2023 
1 
0 
0 
0 
0 
0 
1 
 
2024 
1 
0 
0 
0 
0 
0 
1 
 
Kansas 
2022 
2 
0 
0 
0 
0 
0 
2 
 
2023 
2 
0 
1 
0 
0 
1 
0 
 
2024 
0 
0 
0 
0 
0 
0 
0 
 
Kentucky 
2022 
5 
0 
0 
0 
0 
0 
5 
 
2023 
5 
0 
0 
0 
0 
0 
5 
 
2024 
5 
2 
0 
0 
0 
0 
7 
 
Louisiana 
2022 
2 
0 
0 
0 
0 
0 
2 
 
2023 
2 
0 
1 
0 
0 
1 
0 
 
2024 
0 
0 
0 
0 
0 
0 
0 
 
Maryland 
2022 
3 
0 
0 
0 
0 
0 
3 
 
2023 
3 
0 
0 
0 
0 
0 
3 
 
2024 
3 
0 
0 
0 
0 
0 
3 
 
Massachusetts 
2022 
3 
0 
0 
0 
0 
0 
3 
 
2023 
3 
0 
0 
0 
0 
0 
3 
 
2024 
3 
0 
0 
0 
0 
1 
2 
 
Michigan 
2022 
8 
0 
0 
1 
0 
0 
7 
 
2023 
7 
0 
0 
0 
0 
0 
7 
 
2024 
7 
0 
0 
1 
0 
0 
6 
 
Minnesota 
2022 
2 
0 
0 
0 
0 
0 
2 
 
