                                          Restaurants
                                          Opened (or                                           Ceased
                           Restaurants    Purchased                              Reacquired   Operations   Restaurants
                            at Start of      from      Franchisor’s     Non-         By         Other       at End of
State            Year          Year       Franchisor) Terminations    Renewals   Franchisor    Reasons        Year
HI             2022              0            0             0            0           0            0            0
               2023              0            1             0            0           0            0            1
               2024              1            0             0            0           0            0            1
ID             2022             21            0             0            0           0            0           21
               2023             21            2             0            0           0            2           21
               2024             21            0             0            0           0            0           21
IL             2022             50            2             0            0           0            2           50
               2023             50            0             0            0           0            1           49
               2024             49            2             0            0           0            2           49
IN             2022             21            3             0            0           0            0           24
               2023             24            1             0            0           0            0           25
               2024             25            0             0            0           0            0           25
IA             2022             10            0             0            0           0            0           10
               2023             10            0             0            0           0            0           10
               2024             10            0             0            0           0            0           10
KS             2022            136            1             0            0           0            1           136
               2023            136            0             1            0           0            2           133
               2024            133            0             0            0           0            2           131
KY             2022             66            1             0            0           0            2           65
               2023             65            0             0            0           0            1           64
               2024             64            3             0            0           0            1           66
LA             2022            143            2             0            0           0            3           142
               2023            142            0             0            0           0            0           142
               2024            142            0             0            0           0            2           140
MA             2022              4            0             0            0           0            0            4
               2023              4            0             0            0           0            0            4
               2024              4            0             0            0           0            0            4
MD             2022             15            0             0            0           0            0           15
               2023             15            0             0            0           0            0           15
               2024             15            0             3            0           0            0           12
MI             2022             18            0             0            0           0            2           16
               2023             16            0             0            0           0            0           16
               2024             16            0             0            0           0            0           16
MN             2022              5            0             0            0           0            0            5
               2023              5            0             0            0           0            0            5
               2024              5            0             0            0           0            0            5
MS             2022            124            0             0            0           0            0           124
               2023            124            1             0            0           0            1           124
               2024            124            1             2            0           0            1           122
MO             2022            185            2             0            0           0            2           185
               2023            185            1             0            0           0            4           182
               2024            182            1             0            0           0            0           183
MT             2022              2            0             0            0           0            0            2
               2023              2            0             0            0           0            0            2
               2024              2            0             0            0           0            0            2

        Sonic | 2025 FDD
        1616246384.8
