                                          Restaurants
                                          Opened (or                                           Ceased
                           Restaurants    Purchased                              Reacquired   Operations   Restaurants
                            at Start of      from      Franchisor’s     Non-         By         Other       at End of
State            Year          Year       Franchisor) Terminations    Renewals   Franchisor    Reasons        Year
NE             2022             28            0             0            0           0            0           28
               2023             28            0             0            0           0            0           28
               2024             28            2             0            0           0            0           30
NJ             2022             16            0             0            0           0            1           15
               2023             15            0             0            0           0            1           14
               2024             14            1             0            0           0            0           15
NV             2022             25            0             0            0           0            0           25
               2023             25            0             0            0           0            1           24
               2024             24            1             0            0           0            1           24
NM             2022             74            0             0            0           0            0           74
               2023             74            0             0            0           0            0           74
               2024             74            0             0            0           0            2           72
NY             2022             20            0             0            0           0            0           20
               2023             20            1             0            0           0            0           21
               2024             21            1             0            0           0            0           22
NC             2022             73            1             0            0           0            1           73
               2023             73            0             0            0           0            0           73
               2024             73            0             0            0           0            0           73
ND             2022              3            0             0            0           0            0            3
               2023              3            1             0            0           0            0            4
               2024              4            0             0            0           0            0            4
OH             2022             23            1             0            0           0            0           24
               2023             24            0             0            0           0            0           24
               2024             24            0             0            0           0            0           24
OK             2022            193            2             0            0           0            1           194
               2023            194            1             0            0           0            3           192
               2024            192            1             0            0           0            2           191
OR             2022             14            0             2            0           0            0           12
               2023             12            1             0            0           0            0           13
               2024             13            0             0            0           0            0           13
PA             2022             21            2             0            0           0            1           22
               2023             22            0             0            0           0            1           21
               2024             21            0             0            0           0            1           20
RI             2022              2            0             0            0           0            0            2
               2023              2            0             0            0           0            0            2
               2024              2            0             0            0           0            0            2
SC             2022             76            0             0            0           0            0           76
               2023             76            0             0            0           0            1           75
               2024             75            0             0            0           0            2           73
SD             2022              4            0             0            0           0            0            4
               2023              4            0             0            0           0            0            4
               2024              4            0             0            0           0            1            3
TN             2022            166            1             0            0           0            0           167
               2023            167            0             0            0           0            0           167
               2024            167            0             0            0           0            1           166

        Sonic | 2025 FDD
        1616246384.8
