Column 1
State

Illinois

Indiana

Iowa

Kansas

Kentucky

Louisiana

Maine

Maryland

Massachusetts

Michigan

Minnesota

Mississippi

Missouri

Montana

Nebraska

Column 2
Year
2024
2022
2023
2024
2022
2023
2024
2022
2023
2024
2022
2023
2024
2022
2023
2024
2022
2023
2024
2022
2023
2024
2022
2023
2024
2022
2023
2024
2022
2023
2024
2022
2023
2024
2022
2023
2024
2022
2023
2024
2022
2023
2024
2022
2023
2024
2022
90

Column 3
Number of
Transfers
0
50
70
70
65
75
48
24
28
15
3
5
4
23
32
30
34
33
19
23
21
14
18
38
8
38
21
28
49
82
51
52
29
13
22
15
32
24
22
15
4
2
15
20
9
7
13

