                       Start of    Opened      tions    Renewals       by       Opera-    End of the
                        Year                                       Franchisor    tions-     Year
                                                                                 Other
                                                                                Reasons
South Dakota   2022      13          0          3          0          0          0            10
               2023      10          1          0          0          0          0            11
               2024      11          0          0          0          0          0            11
Tennessee      2022      80          2          1          0          0          0            81
               2023      81          1          1          0          0          1            80
               2024      80          0          0          0          0          0            80
               2022     212          94         7          0          0          0           299
Texas
               2023     299          14         6          0          0          0           307
               2024     307          7          0          0          0          4           310
               2022      30          2          0          0          0          0            32
Utah
               2023      32          1          1          0          0          0            32
               2024      32          0          0          0          0          0            32
               2022      0           0          0          0          0          0            0
Vermont
               2023      0           0          0          0          0          0            0
               2024      0           0          0          0          0          0            0
Virginia       2022     119          3          2          0          0          0           120
               2023     120          0          0          0          0          0           120
               2024     120          3          0          0          0          1           122
Washington     2022      44          0          0          0          0          0            44
               2023      44          6          0          0          0          0            50
               2024      50          0          0          0          0          0            50
               2022      23          0          0          0          0          0            23
West
               2023      23          1          0          0          0          0            24
Virginia
               2024      24          0          0          0          0          0            24
Wisconsin      2022      24          1          0          0          0          0            25
               2023      25          2          0          0          9          0            18
               2024      18          19         0          0          0          0            37
Wyoming        2022      9           0          1          0          0          0            8
               2023      8           2          0          0          0          0            10
               2024      10          1          0          0          0          0            11
Total          2022     2564        145         49         0          0          2          2658
               2023     2658         73         32         0          9          1          2689
               2024     2689         90         0          0          1          26         2752




                                             - 83 -
