                        Start of    Opened      tions    Renewals       by       Opera-    End of the
                         Year                                       Franchisor    tions-     Year
                                                                                  Other
                                                                                 Reasons
                2022      10          0           0         0          0           0          10
District of
                2023      10          0           1         0          0           0          9
Columbia
                2024      9           1           0         0          0           0          10
Florida         2022     254          8           3         0          0           0         259
                2023     259          1           0         0          0           0         260
                2024     260          5           0         0          0           1         264
Georgia         2022     100          1           2         0          0           1          98
                2023      98          6           0         0          0           0         104
                2024     104          4           0         0          0           0         108
                2022      14          4           1         0          0           0          17
Hawaii
                2023      17          2           0         0          0           0          19
                2024      19          1           0         0          0           2          18
Idaho           2022      13          2           1         0          0           0          14
                2023      14          0           1         0          0           0          13
                2024      13          0           0         0          0           0          13
                2022      74          1           2         0          0           0          73
Illinois
                2023      73          2           1         0          0           0          74
                2024      74          6           0         0          0           1          79
                2022      93          1           2         0          0           0          92
Indiana
                2023      92          4           1         0          0           0          95
                2024      95          0           0         0          0           4          91
                2022      24          1           1         0          0           0          24
Iowa
                2023      24          1           0         0          0           0          25
                2024      25          0           0         0          0           0          25
                2022      19          0           0         0          0           0          19
Kansas
                2023      19          2           0         0          0           0          21
                2024      21          0           0         0          0           0          21
Kentucky        2022      64          0           0         0          0           0          64
                2023      64          2           1         0          0           0          65
                2024      65          3           0         0          0           0          68
                2022      60          0           0         0          0           0          60
Louisiana
                2023      60          0           1         0          0           0          59
                2024      59          0           0         0          0           0          59
Maine           2022      3           0           0         0          0           0          3
                2023      3           1           0         0          0           0          4
                2024      4           0           0         0          0           0          4
Maryland        2022      42          0           0         0          0           0          42
                2023      42          0           0         0          0           0          42
                2024      42          1           0         0          0           2          41
                2022      7           0           0         0          0           0          7
Massachusetts
                2023      7           1           1         0          0           0          7
                2024      7           2           0         0          0           1          8
Michigan        2022      33          2           3         0          0           0          32
                2023      32          0           1         0          0           0          31
                2024      31          1           0         0          0           1          31
Minnesota       2022      35          0           0         0          0           0          35
                2023      35          2           0         0          0           0          37
                2024      37          1           0         0          0           0          38
Mississippi     2022      33          1           0         0          0           0          34
                2023      34          0           1         0          0           0          33
                2024      33          0           0         0          0           0          33




                                              - 81 -
