                       Start of    Opened      tions    Renewals       by       Opera-    End of the
                        Year                                       Franchisor    tions-     Year
                                                                                 Other
                                                                                Reasons
Missouri       2022      27          0           0         0          0           0          27
               2023      27          0           0         0          0           0          27
               2024      27          3           0         0          1          1           28
Montana        2022      9           0           0         0          0           0          9
               2023      9           0           0         0          0           0          9
               2024      9           0           0         0          0           0          9
               2022      13          0           0         0          0           0          13
Nebraska
               2023      13          0           0         0          0           0          13
               2024      13          1           0         0          0           0          14
Nevada         2022      25          0           0         0          0           0          25
               2023      25          1           1         0          0           0          25
               2024      25          1           0         0          0           1          25
New            2022      3           0           0         0          0           0          3
Hampshire      2023      3           0           0         0          0           0          3
               2024      3           0           0         0          0           0          3
New Jersey     2022      53          1           0         0          0           0          54
               2023      54          3           0         0          0           0          57
               2024      57          1           0         0          0           0          58
New Mexico     2022      16          1           0         0          0           0          17
               2023      17          0           0         0          0           0          17
               2024      17          0           0         0          0           0          17
New York       2022      85          0           0         0          0           0          85
               2023      85          2           1         0          0           0          86
               2024      86          6           0         0          0           0          92
               2022      81          0           1         0          0           0          80
North
               2023      80          1           0         0          0           0          81
Carolina
               2024      81          1           0         0          0           0          82
               2022      9           1           0         0          0           0          10
North Dakota
               2023      10          0           0         0          0           0          10
               2024      10          0           0         0          0           0          10
Ohio           2022     161          1           1         0          0           0         161
               2023     161          5           1         0          0           0         165
               2024     165          5           0         0          0           0         170
               2022      37          2           3         0          0           0          36
Oklahoma
               2023      36          0           0         0          0           0          36
               2024      36          1           0         0          0           0          37
Oregon         2022      14          0           0         0          0           0          14
               2023      14          0           0         0          0           0          14
               2024      14          1           0         0          0           0          15
Pennsylvania   2022      83          1           0         0          0           0          84
               2023      84          4           0         0          0           0          88
               2024      88          5           0         0          0           0          93
Rhode Island   2022      3           0           1         0          0           0          2
               2023      2           0           0         0          0           0          2
               2024      2           1           0         0          0           0          3
               2022      78          4           4         0          0           1          77
South
               2023      77          0           0         0          0           0          77
Carolina
               2024      77          1           0         0          0           3          75




                                             - 82 -
