                        Start of the   Opened     Reacquired   Closed      Sold to    End of the
                           Year                     from                 Franchisee     Year
                                                  Franchisee
North Dakota     2022        0           0             0          0           0           0
                 2023        0           0             0          0           0           0
                 2024        0           0             0          0           0           0
                 2022        0           0             0          0           0           0
Ohio
                 2023        0           0             0          0           0           0
                 2024        0           0             0          0           0           0
Oklahoma         2022        0           0             0          0           0           0
                 2023        0           0             0          0           0           0
                 2024        0           0             0          0           0           0
                 2022        0           0             0          0           0           0
Oregon
                 2023        0           0             0          0           0           0
                 2024        0           0             0          0           0           0
Pennsylvania     2022        0           0             0          0           0           0
                 2023        0           0             0          0           0           0
                 2024        0           0             0          0           0           0
Rhode Island     2022        0           0             0          0           0           0
                 2023        0           0             0          0           0           0
                 2024        0           0             0          0           0           0
South Carolina   2022        9           0             1          0           0           10
                 2023       10           0             0          0           0           10
                 2024       10           0             0          0           0           10
South Dakota     2022        0           0             0          0           0           0
                 2023        0           0             0          0           0           0
                 2024        0           0             0          0           0           0
Tennessee        2022       36           2             0          0           0           38
                 2023       38           0             1          0           0           39
                 2024       39           0             0          0           0           39
                 2022       90           0             0          0          90           0
Texas
                 2023        0           0             0          0           0           0
                 2024        0           0             0          0           0           0
                 2022        0           0             0          0           0           0
Utah
                 2023        0           0             0          0           0           0
                 2024        0           0             0          0           0           0
Vermont          2022        0           0             0          0           0           0
                 2023        0           0             0          0           0           0
                 2024        0           0             0          0           0           0
Virginia         2022       26           0             0          0           0           26
                 2023       26           0             0          0           0           26
                 2024       26           0             0          0           0           26
Washington       2022        0           0             0          0           0           0
                 2023        0           0             0          0           0           0
                 2024        0           0             0          0           0           0
West Virginia    2022        0           0             0          0           0           0
                 2023        0           0             0          0           0           0
                 2024        0           0             0          0           0           0
Wisconsin        2022        0           0             0          0           0           0
                 2023        0           2             9          0           0           11
                 2024       11           4             0          0          15           0
                 2022        0           0             0          0           0           0
Wyoming
                 2023        0           0             0          0           0           0
                 2024        0           0             0          0           0           0
Total            2022       600          10            2          0          90          522
                 2023       522          5             10         2           4          531
                 2024       531          22            1          0          15          539


                                              - 86 -
