                        Start of the   Opened     Reacquired   Closed      Sold to    End of the
                           Year                     from                 Franchisee     Year
                                                  Franchisee
Kansas           2022       16            0            0          0          0            16
                 2023       16            0            0          0          0            16
                 2024       16            1            0          0          0            17
Kentucky         2022       42            0            0          0          0            42
                 2023       42            0            0          1          3            38
                 2024       38            2            0          0          0            40
Louisiana        2022        0            0            0          0          0            0
                 2023        0            0            0          0          0            0
                 2024        0            0            0          0          0            0
                 2022        0            0            0          0          0            0
Maine
                 2023        0            0            0          0          0            0
                 2024        0            0            0          0          0            0
Maryland         2022       60            0            0          0          0            60
                 2023       60            0            0          1          0            59
                 2024       59            0            0          0          0            59
Massachusetts    2022        0            0            0          0          0            0
                 2023        0            0            0          0          0            0
                 2024        0            0            0          0          0            0
Michigan         2022        0            0            0          0          0            0
                 2023        0            0            0          0          0            0
                 2024        0            0            0          0          0            0
Minnesota        2022        0            0            0          0          0            0
                 2023        0            0            0          0          0            0
                 2024        0            0            0          0          0            0
Mississippi      2022        0            0            0          0          0            0
                 2023        0            0            0          0          0            0
                 2024        0            0            0          0          0            0
                 2022       41            0            0          0          0            41
Missouri
                 2023       41            0            0          0          0            41
                 2024       41            2            1          0          0            44
Montana          2022        0            0            0          0          0            0
                 2023        0            0            0          0          0            0
                 2024        0            0            0          0          0            0
Nebraska         2022        0            0            0          0          0            0
                 2023        0            0            0          0          0            0
                 2024        0            0            0          0          0            0
                 2022        0            0            0          0          0            0
Nevada
                 2023        0            0            0          0          0            0
                 2024        0            0            0          0          0            0
                 2022        0            0            0          0          0            0
New
Hampshire        2023        0            0            0          0          0            0
                 2024        0            0            0          0          0            0
New Jersey       2022        0            0            0          0          0            0
                 2023        0            0            0          0          0            0
                 2024        0            0            0          0          0            0
New Mexico       2022        0            0            0          0          0            0
                 2023        0            0            0          0          0            0
                 2024        0            0            0          0          0            0
New York         2022        0            0            0          0          0            0
                 2023        0            0            0          0          0            0
                 2024        0            0            0          0          0            0
North Carolina   2022       100           3            0          0          0           103
                 2023       103           0            0          0          0           103
                 2024       103           1            0          0          0           104


                                              - 85 -
