State

Year

NY

2023
2024

OH

2025
2023
2024

OK

2025
2023
2024

OR

2025
2023
2024

PA

2025
2023
2024

RI

2025
2023
2024

SD

2025
2023
2024
2025
2023
2024

TN

2025
2023
2024

TX

2025
2023
2024

UT

2025
2023
2024

VA

2025
2023
2024

SC

2025

Item 20
03/2026

Terminations

NonRenewals

Reacquired
by
Franchisor

10

0

7

0

CeasedOperatio
ns Other
Reasons
8

347
230
299

8
8
2

0
0
0

1
1
0

124
0
0

0
2
11

230
235
290

290
176
63

1
0
0

0
0
0

0
0
0

115
0
0

0
2
3

176
174
60

60
59
81

0
2
2

0
0
0

0
0
0

0
0
0

1
0
2

59
61
81

81
82
270

2
0
6

0
0
0

1
1
1

0
0
1

0
0
4

82
81
270

270
208
25

3v
4
0

0
0
0

1
1
0

64
0
0

0
1
0

208
210
25

25
25
148
147
93
26

0
0
0
0
0
0

0
0
0
0
0
0

0
0
1
0
1
0

0
0
0
43
0
0

0
0
0
11
1
2

25
25
147
93
91
24

24
25
184

1
0
0

0
0
0

0
0
0

0
0
0

0
0
2

25
25
182

182
69
590

1v
0
6

0
0
0

0
0
1

113
1
0

1
0
13

69
68
582

582
575
68

5
4
4

0
5
0

6
2
0

0
0
17

6
2
16

575
570
39

39
42
176

3v
2
1

0
0
0

0
1
0

0
0
0

0
0
5

42
43
172

172
105

0
1

0
0

0
0

66
0

1
0

105
106

Outlets at
Start of
Year

Outlets
Opened

352

Outlets at
the End of
the Year

Page 116

347

