State

Year

MI

2023
2024

MN

2025
2023
2024

MO

2025
2023
2024

MS

2025
2023
2024

MT

2025
2023
2024

NC

2025
2023
2024

ND

2025
2023
2024

NE

2025
2023
2024

NH

2025
2023
2024

NJ

2025
2023
2024

NM

2025
2023
2024

NV

2025
2023
2024
2025

Item 20
03/2026

Terminations

NonRenewals

Reacquired
by
Franchisor

2

0

1

0

CeasedOperatio
ns Other
Reasons
32

244
189
108

5
5
0

0
0
0

3
2
7

56
5
0

1
2
3

189
185
98

98
96
124

0
0
0

0
0
0

1
0
3

0
0
0

1
0
10

96
96
111

111
108
89

0
0
0

0
0
0

1
0
0

1
0
0

1
1
4

108
107
85

85
51
22

0
0
0

0
0
0

1
0
0

33
0
12

0
0
6

51
51
4

4
4
238

0
0
2

0
0
0

0
0
1

0
0
0

0
0
4

4
4
235

235
80
21

0
0
0

0
0
0

0
1
0

154
0
0

1
1
6

80
78
15

15
17
64

2
0
0

0
0
0

0
0
0

0
0
0

0
0
8

17
17
56

56
55
30

0
0
0

0
0
0

0
0
0

0
0
0

1
1
1

55
54
29

29
28
180

0
0
2

0
0
0

0
1
4

0
0
0

1
0
6

28
27
172

172
157
53

0
1
0
0
0
0

3
1
0
0
0
1

10
0
0
0
0
0

3
3
1
0
0
0

157
153
53

53
53
68

1
1
1
0
0
1

68
67

1
1

0
0

1
0

0
0

1
0

67
68

Outlets at
Start of
Year

Outlets
Opened

275

Outlets at
the End of
the Year
244

53
53
68

Page 115

