State

Year

GA

2023
2024

HI

2025
2023
2024

IA

2025
2023
2024

ID

2025
2023
2024

IL

2025
2023
2024

IN

2025
2023
2024

KS

2025
2023
2024

KY

2025
2023
2024

LA

2025
2023
2024

MA

2025
2023
2024

MD

2025
2023
2024

ME

2025
2023
2024
2025

Item 20
03/2026

Terminations

NonRenewals

Reacquired
by
Franchisor

3

0

0

0

CeasedOperatio
ns Other
Reasons
12

271
267
28

3
3
0

0
0
0

0
2
1

2
0
0

5
0
2

267
268
25

25
25
69

0
0
0

0
0
0

0
0
0

0
0
0

0
1
6

25
24
63

63
65
37

2
0
1

0
0
0

0
0
1

0
0
0

0
0
0

65
65
37

37
36
283

0
2
1

0
0
0

1
0
2

0
0
0

0
0
9

36
38
273

273
253
190

3
1
0
0

0
0
0
0

4
1
1
1

16
0
0
101

3
1
1
0

253
252
188

3
0

0
0

0
1

0
0

0
3

86
89
62

62
62
103

1
0
0

0
0
0

0
1
0

0
0
0

1
0
2

62
61
101

101
63
155

3
2
0

0
0
0

0
0
0

41
0
0

0
1
10

63
64
145

145
127
119

1
0
2

0
1
0

0
0
1

17
0
0

2
1
1

127
125
119

119
117
116

0
0
1

0
0
0

1
1
1

1
0
0

0
1
4

117
115
112

112
85
27

2
4
0

0
0
0

0
0
0

29
0
0

0
2
0

85
87
27

27
13

0
0

0
0

0
0

14
0

0
0

13
13

Outlets at
Start of
Year

Outlets
Opened

280

188
86
66

Outlets at
the End of
the Year

Page 114

271

