State

MI

MO

MS

MT

NC

NJ

NY

OH

PA

SC

TN

UT

VA

Item 20
03/2026

Year

Outlets at
Start of
Year

Outlets
Opened

2023
2024
2025
2023
2024
2025
2023
2024
2025
2023
2024
2025
2023
2024
2025
2023
2024
2025
2023
2024
2025
2023
2024
2025
2023
2024
2025
2023
2024
2025
2023
2024
2025
2023
2024
2025
2023
2024
2025

0
0
55
0
0
1
0
0
33
0
12
12
0
0
154
0
0
10
0
0
124
0
0
115
0
1
63
0
0
43
0
0
110
0
17
15
0
0
65

0
0
3
0
0
0
0
0
0
0
0
0
0
0
0
0
0
0
0
0
1
0
0
0
0
0
0
0
0
0
0
0
0
0
0
0
0
0
0

Outlets
Reacquired
from
Franchisee
0
56
5
0
1
0
0
33
0
12
0
0
0
154
0
0
10
0
0
124
0
0
115
0
1
64
0
0
43
0
0
113
1
17
0
0
0
66
0

Outlets
Closed

Outlets
Sold to
Franchisee

Outlets at
End of the
Year

0
1
0
0
0
0
0
0
0
0
0
0
0
0
0
0
0
0
0
0
2
0
0
0
0
1
0
0
0
0
0
2
2
0
0
0
0
1
1

0
0
5
0
0
0
0
0
0
0
0
0
0
0
0
0
0
0
0
0
5
0
0
0
0
1
2
0
0
0
0
1
0
0
2
0
0
0
0

0
55
58
0
1
1
0
33
33
12
12
12
0
154
154
0
10
10
0
124
118
0
115
115
1
63
61
0
43
43
0
110
109
17
15
15
0
65
64

Page 119

