                                                                                 Ceased
                   Outlets                                        Reacquired                  Outlets
                              Outlets                    Non-                  Operations –
State       Year   at Start             Terminations                  by                       at End
                              Opened                   Renewals                  Other
                   of Year                                        Franchisor                  of Year1
                                                                                Reasons
ND          2023      2          0           0            0          0              0              2
            2024      2          1           0            0          0              0              3
            2025      3          0           0            0          0              0              3
OH          2023     65         10           0            0          0              1              74
            2024     74          8           0            1          0              0              81
            2025     81          4           0            0          0              3              82
OK          2023     21          2           0            0          0              0              23
            2024     23          2           0            0          0              0              25
            2025     25          2           0            0          0              0              27
OR          2023     17          2           0            0          0              0              19
            2024     19          0           0            0          0              0              19
            2025     19          1           0            0          0              0              20
 PA         2023     78          9           0            0          0              1              86
            2024     86          8           0            0          0              0              94
            2025     94          4           0            0          0              0              98
 PR         2023     22          1           0            0          0              0              23
            2024     23          5           0            0          0              0              28
            2025     28          4           0            0          0              0              32
 RI         2023      7          1           0            0          0              0              8
            2024      8          0           0            0          0              0              8
            2025      8          0           0            0          0              0              8
 SC         2023     37          0           0            0          0              0              37
            2024     37          3           0            0          0              2              38
            2025     38          2           0            0          0              2              38
 SD         2023      3          0           0            0          0              0              3
            2024      3          0           0            0          0              0              3
            2025      3          0           0            0          0              0              3
TN          2023     52          4           0            0          0              4              52
            2024     52          1           0            0          17             2              34
            2025     34          1           0            0          0              0              35
TX          2023     403        14           0            0          0              1             416
            2024     416        10           0            0          0              0             426
            2025     426        15           4            0          0              0             437
UT          2023     16          0           0            0          0              0              16
            2024     16          2           0            0          0              0              18
            2025     18          0           0            0          0              0              18



      Item 20
      03/2026                                                                          Page 103
