                                                                                 Ceased
                   Outlets                                        Reacquired                  Outlets
                              Outlets                    Non-                  Operations –
State       Year   at Start             Terminations                  by                       at End
                              Opened                   Renewals                  Other
                   of Year                                        Franchisor                  of Year1
                                                                                Reasons
GU          2023      2         0            0            1           0             0              1
            2024      1         0            0            0           0             0              1
            2025      1         0            0            0           0             0              1
 HI         2023      8         2            0            0           0             0              10
            2024     10         0            0            0           0             0              10
            2025     10         0            0            0           0             0              10
 ID         2023      5         0            0            0           0             0              5
            2024      5         0            0            0           0             0              5
            2025      5         1            0            0           0             0              6
 IL         2023     136        7            0            0           0             0             143
            2024     143        9            0            1           0             0             151
            2025     151        2            0            0           0             0             153
 IN         2023     50         2            0            0           0             1              51
            2024     51         4            0            0           0             0              55
            2025     55         7            0            0           0             0              62
 IA         2023     12         0            0            0           0             0              12
            2024     12         1            0            0           0             0              13
            2025     12         0            0            0           0             0              12
 KS         2023     14         4            0            0           0             0              18
            2024     18         1            0            0           0             1              18
            2025     18         3            0            0           0             0              21
KY          2023     27         2            0            0           0             0              29
            2024     29         2            0            0           3             0              28
            2025     28         4            0            0           0             1              31
LA          2023     124        2            0            0           0             0             126
            2024     126        1            0            0           5             0             122
            2025     122        0            0            0           0             1             121
ME          2023      3         0            0            0           0             0              3
            2024      3         0            0            0           0             0              3
            2025      3         1            0            0           0             0              4
MD          2023     101        1            0            0           0             0             102
            2024     102        2            0            0           0             2             102
            2025     102        5            0            0           0             0             107
MA          2023     23         0            0            0           0             0              23
            2024     23         1            0            0           0             0              24
            2025     23         2            0            0           0             1              24



      Item 20
      03/2026                                                                          Page 101
