                                                                                 Ceased
                   Outlets                                        Reacquired                  Outlets
                              Outlets                    Non-                  Operations –
State       Year   at Start             Terminations                  by                       at End
                              Opened                   Renewals                  Other
                   of Year                                        Franchisor                  of Year1
                                                                                Reasons
 MI         2023     49          2           0            0          0              0              51
            2024     51          4           0            0          0              0              55
            2025     55          4           0            0          0              0              59
MN          2023     19          2           0            0          0              0              21
            2024     21          2           0            0          0              0              23
            2025     23          2           0            0          0              1              24
MS          2023     66          1           0            0          0              1              66
            2024     66          1           0            0          32             0              35
            2025     35          0           0            0          0              0              35
MO          2023     44          1           0            0          0              0              45
            2024     45          3           0            0          0              0              48
            2025     48          2           0            1          0              0              49
MT          2023      4          0           0            0          0              2              2
            2024      2          0           0            0          0              0              2
            2025      2          0           0            0          0              0              2
NE          2023     13          0           0            0          0              0              13
            2024     13          0           0            0          0              0              13
            2025     13          1           0            0          0              0              14
NV          2023     31          2           0            0          0              0              33
            2024     33          1           0            0          0              0              34
            2025     34          0           0            0          0              0              34
NH          2023      3          1           0            0          0              0              4
            2024      4          0           0            0          0              0              4
            2025      4          0           0            0          0              0              4
 NJ         2023     95          8           0            0          0              0             103
            2024     103         7           0            1          0              3             106
            2025     106         6           0            0          0              1             112
NM          2023     12          6           0            0          0              0              18
            2024     18          0           0            0          0              0              18
            2025     18          0           0            0          0              0              18
NY          2023     206        19           0            0          0              1             224
            2024     224        15           0            1          0              2             236
            2025     236         8           0            0          0              1             243
NC          2023     68          7           0            0          0              0              75
            2024     75          6           0            0          0              0              81
            2025     81          1           3            0          0              5              74



      Item 20
      03/2026                                                                          Page 102
