                                                                             Ceased
                      Outlets                                    Reacquired              Outlets
                                 Outlets                Non-                Operation
  State        Year   at Start           Terminations                by                 at End of
                                 Opened               Renewals               - Other
                      of Year                                    Franchisor             the Year
                                                                             Reasons
               2023      83         3         0          1           0          2          83
California     2024      83         2         0          2           0          2          81
               2025      81         0         0          0           0          7          74
               2023      77         1         0          1           0          3          74
Colorado       2024      74         2         0          1           0          3          72
               2025      72         2         0          1           0          1          72
               2023      15         1         0          0           0          1          15
Delaware       2024      15         1         0          0           0          1          15
               2025      15         0         0          0           0          1          14
               2023     100         4         0          0           0          2         102
 Florida       2024     102         0         0          0           0          1         101
               2025     101        21         0          0           0          8         114
               2023      48         2         0          0           0          1          49
 Georgia       2024      49         1         0          1           0          1          48
               2025      48         1         0          0           0          1          48
               2023      2          0         0          0           0          0          2
 Hawaii        2024      2          0         0          0           0          0          2
               2025      2          0         0          0           0          0          2
               2023      22         1         0          0           0          0          23
  Idaho        2024      23         0         0          0           0          0          23
               2025      23         0         0          0           0          0          23
               2023     119         1         0          0           0          1         119
 Illinois      2024     119         1         0          10          0          6         104
               2025     104         6         0          1           0          2         107
               2023      69         0         0          0           0          0          69
 Indiana       2024      69         1         0          0           0          1          69
               2025      69        1*         0          0           0          1          69
               2023      60         0         0          2           0          0          58
  Iowa         2024      58         0         0          1           0          0          57
               2025      57         0         0          0           0          2          55
               2023      60         0         0          0           0          1          59
 Kansas        2024      59        1*         0          1           0          1          58
               2025      58         0         0          1           0          0          57
               2023      67         0         0          1           0          0          66
Kentucky       2024      66         1         0          0           0          0          67
               2025      67         2         0          0           0          0          69
               2023      29         2         0          0           0          1          30
Louisiana      2024      30         1         0          0           0          3          28
               2025      28         0         0          0           0          4          24
               2023      4          0         0          0           0          0          4
 Maine         2024      4          0         0          0           0          0          4
               2025      4          0         0          0           0          0          4
               2023      44         0         0          0           0          1          43
Maryland       2024      43         3         0          0           0          2          44
               2025      44         1         0          0           0          1          44


                                              69
  Arby’s | 2026 FDD
  1625640323.4
