State
Michigan
Minnesota
Mississippi
Missouri
Montana
Nebraska
Nevada
New Hampshire
New Jersey
New Mexico
New York
North Carolina
North Dakota
Ohio
Oklahoma
Oregon
Pennsylvania
Rhode Island
South Carolina

Year
2022
2023
2024
2022
2023
2024
2022
2023
2024
2022
2023
2024
2022
2023
2024
2022
2023
2024
2022
2023
2024
2022
2023
2024
2022
2023
2024
2022
2023
2024
2022
2023
2024
2022
2023
2024
2022
2023
2024
2022
2023
2024
2022
2023
2024
2022
2023
2024
2022
2023
2024
2022
2023
2024
2022
2023
2024

-39-

Number of Transfers
56
45
19
13
16
3
4
5
3
35
32
8
8
16
14
13
2
6
6
0
6
0
0
1
48
5
13
10
4
13
33
16
49
40
22
33
2
2
0
48
24
32
3
3
0
9
35
16
47
31
40
0
0
2
26
11
14

