State
Arkansas
California
Colorado
Connecticut
Delaware
District of Columbia
Florida
Georgia
Hawaii
Idaho
Illinois
Indiana
Iowa
Kansas
Kentucky
Louisiana
Maine
Maryland
Massachusetts

Year
2022
2023
2024
2022
2023
2024
2022
2023
2024
2022
2023
2024
2022
2023
2024
2022
2023
2024
2022
2023
2024
2022
2023
2024
2022
2023
2024
2022
2023
2024
2022
2023
2024
2022
2023
2024
2022
2023
2024
2022
2023
2024
2022
2023
2024
2022
2023
2024
2022
2023
2024
2022
2023
2024
2022
2023
2024

-38-

Number of Transfers
9
1
14
134
62
64
1
0
17
10
7
18
0
0
0
6
0
7
42
37
55
46
30
49
9
0
0
0
3
4
83
9
68
46
14
16
17
10
17
0
20
0
27
30
9
18
24
6
8
0
0
12
11
15
14
11
8

