State
Louisiana
Maine
Maryland
Massachusetts
Michigan
Minnesota
Mississippi
Missouri
Montana
Nebraska
Nevada
New Hampshire
New Jersey
New Mexico
New York
North Carolina
North Dakota
Ohio

Year
2022
2023
2024
2022
2023
2024
2022
2023
2024
2022
2023
2024
2022
2023
2024
2022
2023
2024
2022
2023
2024
2022
2023
2024
2022
2023
2024
2022
2023
2024
2022
2023
2024
2022
2023
2024
2022
2023
2024
2022
2023
2024
2022
2023
2024
2022
2023
2024
2022
2023
2024
2022
2023
2024

Outlets
at Start
of the Outlets
Year Opened
233
4
229
0
227
0
61
0
61
0
61
0
224
2
223
2
223
0
234
0
232
0
231
2
479
8
486
0
475
1
222
1
221
2
221
0
141
1
142
0
142
0
312
0
310
5
312
5
47
0
47
0
47
0
78
0
77
1
77
2
115
3
118
3
121
12
54
0
54
0
54
0
254
0
252
0
251
1
93
2
95
1
96
3
595
0
594
3
573
1
446
2
448
13
452
5
25
0
25
1
26
2
564
4
567
3
569
5

NonTerminations (1) Renewals (2)
8
0
2
0
0
0
0
0
0
0
0
0
1
2
2
0
1
1
0
2
1
0
0
0
0
1
8
3
2
0
1
1
2
0
1
0
0
0
0
0
2
1
2
0
3
0
1
1
0
0
0
0
0
0
0
1
1
0
1
0
0
0
0
0
0
0
0
0
0
0
0
0
2
0
1
0
1
0
0
0
0
0
0
0
1
0
8
16
2
0
0
0
1
0
0
0
0
0
0
0
0
0
1
0
1
0
1
0

-42-

Reacquired
by
Franchisor
(3)
0
0
0
0
0
0
0
0
0
0
0
0
0
0
0
0
0
0
0
0
0
0
0
0
0
0
0
0
0
0
0
0
0
0
0
0
0
0
0
0
0
0
0
0
1
0
8
1
0
0
0
0
0
0

Ceased
Operations Other
Reasons (4)
0
0
0
0
0
0
0
0
0
0
0
0
0
0
0
0
0
0
0
0
0
0
0
0
0
0
0
0
0
0
0
0
0
0
0
0
0
0
0
0
0
0
0
0
0
0
0
0
0
0
0
0
0
0

Outlets
at End
of the
Year
229
227
227
61
61
61
223
223
221
232
231
233
486
475
474
221
221
220
142
142
139
310
312
315
47
47
47
77
77
78
118
121
133
54
54
54
252
251
251
95
96
99
594
573
571
448
452
456
25
26
28
567
569
573

