State
Alaska
Arizona
Arkansas
California
Colorado
Connecticut
Delaware
District of Columbia
Florida
Georgia
Guam
Hawaii
Idaho
Illinois
Indiana
Iowa
Kansas
Kentucky

Year
2022
2023
2024
2022
2023
2024
2022
2023
2024
2022
2023
2024
2022
2023
2024
2022
2023
2024
2022
2023
2024
2022
2023
2024
2022
2023
2024
2022
2023
2024
2022
2023
2024
2022
2023
2024
2022
2023
2024
2022
2023
2024
2022
2023
2024
2022
2023
2024
2022
2023
2024
2022
2023
2024

Outlets
at Start
of the Outlets
Year Opened
28
0
28
0
27
0
256
6
262
7
269
7
164
0
164
1
164
0
1,148
2
1,145
12
1,152
10
197
3
200
6
204
4
140
0
139
0
137
0
35
1
36
0
36
1
25
0
24
0
24
0
760
7
719
6
723
11
442
1
443
4
445
1
6
0
5
0
5
1
52
0
52
0
51
0
61
2
63
0
63
2
611
0
605
6
601
3
324
1
325
2
325
20
118
0
118
2
118
2
146
0
146
1
143
1
248
1
249
2
249
6

NonTerminations (1) Renewals (2)
0
0
1
0
0
0
0
0
0
0
0
0
0
0
1
0
0
0
3
2
4
1
6
4
0
0
2
0
0
0
0
1
1
1
1
0
0
0
0
0
0
0
1
0
0
0
0
0
0
1
2
0
1
0
0
0
2
0
2
0
0
1
0
0
0
0
0
0
1
0
0
0
0
0
0
0
0
0
4
2
6
3
1
3
0
0
2
0
0
0
0
0
2
0
0
0
0
0
4
0
0
0
0
0
0
2
0
0

-41-

Reacquired
by
Franchisor
(3)
0
0
0
0
0
0
0
0
0
0
0
0
0
0
0
0
0
0
0
0
0
0
0
0
47
0
6
0
0
0
0
0
0
0
0
0
0
0
0
0
0
0
0
0
0
0
0
0
0
0
0
0
0
0

Ceased
Operations Other
Reasons (4)
0
0
0
0
0
0
0
0
0
0
0
0
0
0
0
0
0
0
0
0
0
0
0
0
0
0
0
0
0
0
0
0
0
0
0
0
0
0
0
0
1
0
0
0
0
0
0
0
0
0
0
0
0
0

Outlets
at End
of the
Year
28
27
27
262
269
276
164
164
164
1,145
1,152
1,152
200
204
208
139
137
136
36
36
37
24
24
24
719
723
727
443
445
444
5
5
6
52
51
51
63
63
65
605
601
600
325
325
345
118
118
120
146
143
144
249
249
255

