State
Oklahoma
Oregon
Pennsylvania
Rhode Island
South Carolina
South Dakota
Tennessee
Texas
Utah
Vermont
Virginia
Washington
West Virginia
Wisconsin
Wyoming
Guantanamo Bay
Northern Mariana Islands
Total Outlets

Year
2022
2023
2024
2022
2023
2024
2022
2023
2024
2022
2023
2024
2022
2023
2024
2022
2023
2024
2022
2023
2024
2022
2023
2024
2022
2023
2024
2022
2023
2024
2022
2023
2024
2022
2023
2024
2022
2023
2024
2022
2023
2024
2022
2023
2024
2022
2023
2024
2022
2023
2024
2022
2023
2024

Outlets
at Start
of the Outlets
Year Opened
169
0
168
0
166
6
155
0
155
0
155
0
478
1
477
1
473
5
31
1
32
0
32
0
217
2
219
4
223
2
29
1
30
1
31
1
321
6
327
3
330
5
1,071
18
1,086
28
1,105
32
106
2
108
5
113
3
26
0
26
0
26
0
358
1
357
1
354
1
228
0
226
1
227
2
103
0
103
0
102
0
275
0
275
0
273
0
28
0
28
1
29
0
1
0
1
0
1
0
2
0
2
0
2
0
12,775
84
12,764
128
12,772
167

NonTerminations (1) Renewals (2)
1
0
2
0
0
0
0
0
0
0
1
1
1
1
3
1
2
0
0
0
0
0
0
0
0
0
0
0
0
0
0
0
0
0
0
0
0
0
0
0
0
0
3
0
3
2
1
3
0
0
0
0
0
0
0
0
0
0
0
0
1
1
3
1
2
0
0
2
0
0
0
1
0
0
0
1
0
0
0
0
2
0
0
0
0
0
0
0
0
0
0
0
0
0
0
0
0
0
0
0
0
0
30
18
73
33
29
15

-43-

Reacquired
by
Franchisor
(3)
0
0
0
0
0
0
0
1
0
0
0
0
0
0
0
0
0
0
0
0
0
0
4
0
0
0
0
0
0
0
0
0
0
0
0
0
0
0
0
0
0
0
0
0
0
0
0
0
0
0
0
47
13
8

Ceased
Operations Other
Reasons (4)
0
0
0
0
0
0
0
0
0
0
0
0
0
0
0
0
0
0
0
0
0
0
0
0
0
0
0
0
0
0
0
0
0
0
0
0
0
0
0
0
0
0
0
0
0
0
0
0
0
0
0
0
1
0

Outlets
at End
of the
Year
168
166
172
155
155
153
477
473
476
32
32
32
219
223
225
30
31
32
327
330
335
1,086
1,105
1,133
108
113
116
26
26
26
357
354
353
226
227
228
103
102
102
275
273
273
28
29
29
1
1
1
2
2
2
12,764
12,772
12,887

