Table 3:
Status of Dunkin’ Franchised Outlets for Years 2022 to 2024
State

Year

Outlets
at Start
of Year

Arkansas

2022
2023
2024
2022
2023
2024
2022
2023
2024
2022
2023
2024
2022
2023
2024
2022
2023
2024
2022
2023
2024
2022
2023
2024
2022
2023
2024
2022
2023
2024
2022
2023
2024
2022
2023
2024
2022
2023
2024
2022
2023
2024
2022
2023
2024
2022
2023
2024

7
7
10
113
121
130
37
36
41
483
478
468
65
63
64
22
21
20
754
766
786
188
203
219
13
6
6
449
455
457
73
79
88
34
34
34
31
26
23
33
34
41
9
10
9
161
159
163

California

Colorado

Connecticut

Delaware

District of
Columbia
Florida

Georgia*

Hawaii

Illinois

Indiana*

Iowa

Kansas*

Kentucky

Louisiana

Maine

Dunkin’ | 2025/10 Amended FDD
1624181515.8

Outlets
Opened

Terminations

NonRenewals

Reacquired
by
Franchisor

0
3
2
11
12
5
0
5
1
2
5
4
2
2
2
0
0
0
20
24
23
16
16
12
0
0
0
24
16
22
7
11
13
1
0
2
2
0
3
2
7
9
1
1
0
0
6
2

0
0
0
0
0
1
0
0
0
0
0
0
0
0
0
0
0
0
0
1
0
0
0
0
7
0
0
1
0
0
1
0
0
1
0
0
0
0
0
1
0
0
0
0
0
0
0
0

0
0
0
0
2
1
0
0
0
1
2
0
0
0
0
0
0
0
0
1
1
0
0
0
0
0
0
0
2
0
0
1
1
0
0
0
1
0
0
0
0
0
0
0
0
0
0
0

0
0
0
0
0
0
0
0
0
0
0
0
0
0
0
0
0
0
0
0
0
0
0
0
0
0
0
0
0
0
0
0
0
0
0
0
0
0
0
0
0
0
0
0
0
0
0
0

85

Ceased
Operations
- Other
Reasons
0
0
0
3
1
2
1
1
0
6
13
3
4
1
0
1
1
1
8
4
4
1
1
0
0
0
0
17
11
1
0
1
0
0
0
0
6
3
1
0
0
0
0
2
0
2
2
4

Outlets
at End of
the Year
7
10
12
121
130
131
36
41
43
478
468
465
63
64
66
21
20
19
766
786
811
203
219
234
6
6
6
455
457
475
79
88
100
34
34
35
26
23
25
34
41
51
10
9
9
159
163
160

