Table 3:
Status of Dunkin’ Franchised Outlets for Years 2022 to 2024
State

Year

Outlets
at Start
of Year

Maryland

2022
2023
2024
2022
2023
2024
2022
2023
2024
2022
2023
2024
2022
2023
2024
2022
2023
2024
2022
2023
2024
2022
2023
2024
2022
2023
2024
2022
2023
2024
2022
2023
2024
2022
2023
2024
2022
2023
2024
2022
2023
2024
2022
2023
2024
2022
2023
2024

223
231
238
1,087
1,074
1,053
57
66
71
23
26
28
8
10
12
42
36
38
22
22
21
34
38
42
221
218
217
797
797
807
10
11
11
1,133
1,134
1,142
146
159
178
207
186
195
9
15
17
591
603
619

Massachusetts

Michigan

Minnesota

Mississippi

Missouri

Nebraska

Nevada

New
Hampshire
New Jersey

New Mexico

New York*

North
Carolina*
Ohio

Oklahoma

Pennsylvania*

Dunkin’ | 2025/10 Amended FDD
1624181515.8

Outlets
Opened

Terminations

NonRenewals

Reacquired
by
Franchisor

15
11
8
9
9
12
10
7
6
3
2
4
3
2
2
2
6
6
1
0
2
5
4
2
2
2
0
16
18
12
2
0
1
16
34
35
14
17
10
14
16
17
6
3
2
15
32
19

0
0
0
0
0
0
0
0
0
0
0
0
0
0
0
1
0
0
0
0
0
0
0
0
0
0
0
0
0
0
0
0
0
0
1
0
0
0
0
2
0
0
0
0
0
0
1
0

0
0
0
4
1
4
0
1
0
0
0
1
0
0
0
0
0
1
0
0
0
1
0
0
0
0
3
1
0
8
0
0
0
1
7
1
0
0
0
0
0
0
0
0
0
0
2
1

0
0
0
0
0
0
0
0
0
0
0
0
0
0
0
0
0
0
0
0
0
0
0
0
0
0
0
0
0
0
0
0
0
0
0
0
0
0
0
31
0
0
0
0
0
0
0
0

86

Ceased
Operations
- Other
Reasons
7
4
3
18
29
16
1
1
0
0
0
0
1
0
0
7
1
1
1
1
0
0
0
1
5
3
1
15
9
7
1
0
0
14
21
6
1
0
3
2
5
0
0
1
1
3
9
4

Outlets
at End of
the Year
231
238
242
1,074
1,053
1,041
66
71
78
26
28
31
10
12
14
36
38
43
22
21
23
38
42
43
218
217
213
797
807
804
11
11
12
1,134
1,142
1,165
159
178
186
186
195
211
15
17
18
603
619
625

