 
 
88 
2025 US HAMPTON 
State 
Year 
Hotels at 
Start of 
Year 
Hotels 
Opened 
Termin-
ations 
Non-
Renewals 
Reacquired 
by 
Franchisor 
Ceased 
Operations 
- Other 
Reasons 
Hotels at 
End of  
the Year 
 
2023 
24 
0 
0 
0 
0 
0 
24 
 
2024 
24 
0 
0 
0 
0 
0 
24 
Arkansas 
2022 
7 
0 
0 
0 
0 
0 
7 
 
2023 
7 
0 
0 
0 
0 
0 
7 
 
2024 
7 
0 
0 
0 
0 
0 
7 
California 
2022 
81 
5 
1 
0 
0 
0 
85 
 
2023 
85 
3 
1 
0 
0 
0 
87 
 
2024 
87 
4 
0 
0 
0 
0 
91 
Colorado 
2022 
21 
1 
0 
0 
0 
0 
22 
 
2023 
22 
0 
0 
0 
0 
0 
22 
 
2024 
22 
0 
0 
0 
0 
0 
22 
Connecticut 
2022 
7 
0 
0 
0 
0 
0 
7 
 
2023 
7 
0 
0 
0 
0 
0 
7 
 
2024 
7 
0 
0 
0 
0 
0 
7 
Delaware 
2022 
1 
0 
0 
0 
0 
0 
1 
 
2023 
1 
0 
0 
0 
0 
0 
1 
 
2024 
1 
0 
0 
0 
0 
0 
1 
Florida 
2022 
81 
1 
1 
0 
0 
0 
81 
2023 
81 
1 
0 
0 
0 
0 
82 
2024 
82 
1 
0 
0 
0 
0 
83 
Georgia 
2022 
34 
0 
0 
0 
0 
0 
34 
 
2023 
34 
0 
0 
0 
0 
0 
34 
 
2024 
34 
0 
0 
0 
0 
0 
34 
Hawaii 
2022 
1 
0 
0 
0 
0 
0 
1 
2023 
1 
0 
0 
0 
0 
0 
1 
2024 
1 
0 
0 
0 
0 
0 
1 
Idaho 
2022 
8 
0 
0 
0 
0 
0 
8 
 
2023 
8 
0 
0 
0 
0 
0 
8 
 
2024 
8 
0 
0 
0 
0 
0 
8 
Illinois 
2022 
28 
0 
0 
0 
0 
0 
28 
 
2023 
28 
1 
0 
0 
0 
0 
29 
 
2024 
29 
1 
0 
0 
0 
0 
30 
Indiana 
2022 
23 
0 
0 
0 
0 
0 
23 
 
2023 
23 
1 
0 
0 
0 
0 
24 
 
2024 
24 
1 
0 
-1 
0 
0 
24 
Iowa 
2022 
12 
0 
0 
0 
0 
0 
12 
 
2023 
12 
0 
0 
0 
0 
0 
12 
 
2024 
12 
0 
0 
0 
0 
0 
12 
Kansas 
2022 
8 
0 
0 
0 
0 
0 
8 
 
2023 
8 
0 
0 
0 
0 
0 
8 
 
2024 
8 
0 
0 
0 
0 
0 
8 
Kentucky 
2022 
10 
0 
0 
0 
0 
0 
10 
 
2023 
10 
1 
0 
0 
0 
0 
11 
 
2024 
11 
0 
0 
0 
0 
0 
11 
Louisiana 
2022 
17 
0 
0 
0 
0 
0 
17 
 
2023 
17 
0 
0 
0 
0 
0 
17 
 
2024 
17 
1 
0 
0 
0 
0 
18 
Maine 
2022 
4 
0 
0 
0 
0 
0 
4 
 
2023 
4 
0 
0 
0 
0 
0 
4 
 
2024 
4 
0 
0 
0 
0 
0 
4 
Maryland 
2022 
16 
0 
0 
0 
0 
0 
16 
2023 
16 
0 
0 
0 
0 
0 
16 
2024 
16 
0 
0 
0 
0 
0 
16 
Massachusetts 
2022 
13 
0 
0 
0 
0 
0 
13 
 
2023 
13 
0 
0 
0 
0 
0 
13 
