State
New Jersey
New Mexico
New York
North Carolina
North Dakota
Ohio
Oklahoma
Oregon
Pennsylvania
South Carolina
South Dakota
Tennessee
Texas
Utah
Vermont
Virginia
Washington
West Virginia

FDD

Year
2022
2023
2024
2022
2023
2024
2022
2023
2024
2022
2023
2024
2022
2023
2024
2022
2023
2024
2022
2023
2024
2022
2023
2024
2022
2023
2024
2022
2023
2024
2022
2023
2024
2022
2023
2024
2022
2023
2024
2022
2023
2024
2022
2023
2024
2022
2023
2024
2022
2023
2024
2022
2023
2024

61

Number of Transfers
1
4
0
1
3
1
0
2
1
3
18
3
4
0
0
1
5
3
6
5
2
0
0
5
5
10
5
4
7
7
2
1
0
6
0
4
13
17
11
2
2
3
0
1
0
7
7
7
6
6
6
0
0
1

