State
Illinois
Indiana
Iowa
Kansas
Kentucky
Louisiana
Maine
Maryland
Massachusetts
Michigan
Minnesota
Mississippi
Missouri
Montana
Nebraska
Nevada
New Hampshire

FDD

Year
2022
2023
2024
2022
2023
2024
2022
2023
2024
2022
2023
2024
2022
2023
2024
2022
2023
2024
2022
2023
2024
2022
2023
2024
2022
2023
2024
2022
2023
2024
2022
2023
2024
2022
2023
2024
2022
2023
2024
2022
2023
2024
2022
2023
2024
2022
2023
2024
2022
2023
2024

Outlets at
Start of
Year
86
86
85
96
94
96
57
57
58
12
12
13
13
13
13
115
116
116
2
2
2
24
21
21
39
40
37
84
84
83
142
138
137
23
22
20
46
47
45
6
7
7
32
29
31
28
27
27
3
3
2

Outlets
Opened

Terminations

NonRenewals

2
2
4
0
2
1
0
2
0
0
2
0
0
1
0
1
1
0
0
0
0
0
1
1
2
0
1
1
3
2
0
0
1
0
0
0
4
0
1
1
0
0
0
3
0
0
1
0
0
0
0

1
3
2
2
0
1
0
0
2
0
1
0
0
0
0
0
1
1
0
0
0
3
0
0
1
2
0
1
3
2
2
1
1
0
1
1
2
0
0
0
0
0
3
1
0
1
1
1
0
1
0

1
0
1
0
0
0
0
1
1
0
0
0
0
1
0
0
0
0
0
0
0
0
1
0
0
1
0
0
1
1
2
0
0
1
1
0
1
2
3
0
0
0
0
0
2
0
0
0
0
0
1

63

Reacquired
by
Franchisor
0
0
0
0
0
0
0
0
0
0
0
0
0
0
0
0
0
0
0
0
0
0
0
0
0
0
0
0
0
0
0
0
0
0
0
0
0
0
0
0
0
0
0
0
0
0
0
0
0
0
0

Ceased
OperationsOther Reasons
0
0
0
0
0
0
0
0
0
0
0
0
0
0
0
0
0
0
0
0
0
0
0
0
0
0
0
0
0
0
0
0
0
0
0
0
0
0
0
0
0
0
0
0
0
0
0
0
0
0
0

Outlets at
End of
the Year
86
85
86
94
96
96
57
58
55
12
13
13
13
13
13
116
116
115
2
2
2
21
21
22
40
37
38
84
83
82
138
137
137
22
20
19
47
45
43
7
7
7
29
31
29
27
27
26
3
2
1

