State

Year

New Jersey

2022
2023
2024
2022
2023
2024
2022
2023
2024
2022
2023
2024
2022
2023
2024
2022
2023
2024
2022
2023
2024
2022
2023
2024
2022
2023
2024
2022
2023
2024
2022
2023
2024
2022
2023
2024
2022
2023
2024
2022
2023
2024
2022
2023
2024
2022
2023
2024
2022
2023
2024

New Mexico
New York
North Carolina
North Dakota
Ohio
Oklahoma
Oregon
Pennsylvania
Rhode Island
South Carolina
South Dakota
Tennessee
Texas
Utah
Vermont
Virginia

FDD

Outlets at
Start of
Year
16
15
16
21
21
21
17
17
17
41
42
42
16
16
16
71
72
73
32
30
29
30
31
28
68
69
68
9
9
9
31
31
30
17
18
19
35
34
35
257
262
263
17
18
17
2
2
2
67
66
67

Outlets
Opened

Terminations

NonRenewals

0
1
0
0
1
0
1
0
1
2
1
1
1
0
0
2
2
4
0
0
0
1
0
0
5
2
2
0
0
0
0
1
3
1
1
0
0
1
1
9
5
10
1
0
2
0
0
0
0
3
1

0
0
0
0
1
0
0
0
0
1
1
1
1
0
0
0
0
2
1
0
0
0
1
1
2
0
0
0
0
0
0
1
0
0
0
0
1
0
0
3
2
6
0
1
0
0
0
0
1
2
0

1
0
1
0
0
0
1
0
1
0
0
1
0
0
0
1
1
0
1
1
0
0
2
0
2
3
2
0
0
0
0
1
0
0
0
0
0
0
0
1
2
1
0
0
0
0
0
0
0
0
1

64

Reacquired
by
Franchisor
0
0
0
0
0
0
0
0
0
0
0
0
0
0
0
0
0
0
0
0
0
0
0
0
0
0
0
0
0
0
0
0
0
0
0
0
0
0
0
0
0
0
0
0
0
0
0
0
0
0
0

Ceased
OperationsOther Reasons
0
0
0
0
0
0
0
0
0
0
0
0
0
0
0
0
0
0
0
0
0
0
0
0
0
0
0
0
0
0
0
0
0
0
0
0
0
0
0
0
0
0
0
0
0
0
0
0
0
0
0

Outlets at
End of
the Year
15
16
15
21
21
21
17
17
17
42
42
41
16
16
16
72
73
75
30
29
29
31
28
27
69
68
68
9
9
9
31
30
33
18
19
19
34
35
36
262
263
266
18
17
19
2
2
2
66
67
67

