State
Georgia
Hawaii
Idaho
Illinois
Indiana
Iowa
Kansas
Kentucky
Louisiana
Maryland
Massachusetts
Michigan
Minnesota
Mississippi
Missouri
Montana
Nebraska
Nevada

FDD

Year
2022
2023
2024
2022
2023
2024
2022
2023
2024
2022
2023
2024
2022
2023
2024
2022
2023
2024
2022
2023
2024
2022
2023
2024
2022
2023
2024
2022
2023
2024
2022
2023
2024
2022
2023
2024
2022
2023
2024
2022
2023
2024
2022
2023
2024
2022
2023
2024
2022
2023
2024
2022
2023
2024

60

Number of Transfers
10
8
8
2
0
0
2
4
7
5
7
9
6
10
8
8
8
2
1
2
3
2
0
0
10
10
10
3
3
0
0
2
0
4
17
13
11
15
12
0
1
3
4
5
5
0
1
1
5
4
4
2
2
0

