 
-41- 
State 
Year 
Outlets 
at Start 
of the 
Year 
Outlets 
Opened 
Terminations (1) 
Non-
Renewals (2) 
Reacquired 
by 
Franchisor 
(3) 
Ceased 
Operations - 
Other 
Reasons (4) 
Outlets 
at End 
of the 
Year 
Alaska 
2022 
28 
0 
0 
0 
0 
0 
28 
 
2023 
28 
0 
1 
0 
0 
0 
27 
 
2024 
27 
0 
0 
0 
0 
0 
27 
Arizona 
2022 
256 
6 
0 
0 
0 
0 
262 
 
2023 
262 
7 
0 
0 
0 
0 
269 
 
2024 
269 
7 
0 
0 
0 
0 
276 
Arkansas 
2022 
164 
0 
0 
0 
0 
0 
164 
 
2023 
164 
1 
1 
0 
0 
0 
164 
 
2024 
164 
0 
0 
0 
0 
0 
164 
California 
2022 
1,148 
2 
3 
2 
0 
0 
1,145 
 
2023 
1,145 
12 
4 
1 
0 
0 
1,152 
 
2024 
1,152 
10 
6 
4 
0 
0 
1,152 
Colorado 
2022 
197 
3 
0 
0 
0 
0 
200 
 
2023 
200 
6 
2 
0 
0 
0 
204 
 
2024 
204 
4 
0 
0 
0 
0 
208 
Connecticut 
2022 
140 
0 
0 
1 
0 
0 
139 
 
2023 
139 
0 
1 
1 
0 
0 
137 
 
2024 
137 
0 
1 
0 
0 
0 
136 
Delaware 
2022 
35 
1 
0 
0 
0 
0 
36 
 
2023 
36 
0 
0 
0 
0 
0 
36 
 
2024 
36 
1 
0 
0 
0 
0 
37 
District of Columbia 
2022 
25 
0 
1 
0 
0 
0 
24 
 
2023 
24 
0 
0 
0 
0 
0 
24 
 
2024 
24 
0 
0 
0 
0 
0 
24 
Florida 
2022 
760 
7 
0 
1 
47 
0 
719 
2023 
719 
6 
2 
0 
0 
0 
723 
2024 
723 
11 
1 
0 
6 
0 
727 
Georgia 
2022 
442 
1 
0 
0 
0 
0 
443 
 
2023 
443 
4 
2 
0 
0 
0 
445 
 
2024 
445 
1 
2 
0 
0 
0 
444 
Guam 
2022 
6 
0 
0 
1 
0 
0 
5 
 
2023 
5 
0 
0 
0 
0 
0 
5 
 
2024 
5 
1 
0 
0 
0 
0 
6 
Hawaii 
2022 
52 
0 
0 
0 
0 
0 
52 
 
2023 
52 
0 
1 
0 
0 
0 
51 
 
2024 
51 
0 
0 
0 
0 
0 
51 
Idaho 
2022 
61 
2 
0 
0 
0 
0 
63 
 
2023 
63 
0 
0 
0 
0 
0 
63 
 
2024 
63 
2 
0 
0 
0 
0 
65 
Illinois 
2022 
611 
0 
4 
2 
0 
0 
605 
 
2023 
605 
6 
6 
3 
0 
1 
601 
 
2024 
601 
3 
1 
3 
0 
0 
600 
Indiana 
2022 
324 
1 
0 
0 
0 
0 
325 
 
2023 
325 
2 
2 
0 
0 
0 
325 
 
2024 
325 
20 
0 
0 
0 
0 
345 
Iowa 
2022 
118 
0 
0 
0 
0 
0 
118 
 
2023 
118 
2 
2 
0 
0 
0 
118 
 
2024 
118 
2 
0 
0 
0 
0 
120 
Kansas 
2022 
146 
0 
0 
0 
0 
0 
146 
 
2023 
146 
1 
4 
0 
0 
0 
143 
 
2024 
143 
1 
0 
0 
0 
0 
144 
Kentucky 
2022 
248 
1 
0 
0 
0 
0 
249 
 
2023 
249 
2 
0 
2 
0 
0 
249 
 
2024 
249 
6 
0 
0 
0 
0 
255 
