 
-43- 
State 
Year 
Outlets 
at Start 
of the 
Year 
Outlets 
Opened 
Terminations (1) 
Non-
Renewals (2) 
Reacquired 
by 
Franchisor 
(3) 
Ceased 
Operations - 
Other 
Reasons (4) 
Outlets 
at End 
of the 
Year 
Oklahoma 
2022 
169 
0 
1 
0 
0 
0 
168 
 
2023 
168 
0 
2 
0 
0 
0 
166 
 
2024 
166 
6 
0 
0 
0 
0 
172 
Oregon 
2022 
155 
0 
0 
0 
0 
0 
155 
 
2023 
155 
0 
0 
0 
0 
0 
155 
 
2024 
155 
0 
1 
1 
0 
0 
153 
Pennsylvania 
2022 
478 
1 
1 
1 
0 
0 
477 
 
2023 
477 
1 
3 
1 
1 
0 
473 
 
2024 
473 
5 
2 
0 
0 
0 
476 
Rhode Island 
2022 
31 
1 
0 
0 
0 
0 
32 
 
2023 
32 
0 
0 
0 
0 
0 
32 
 
2024 
32 
0 
0 
0 
0 
0 
32 
South Carolina 
2022 
217 
2 
0 
0 
0 
0 
219 
 
2023 
219 
4 
0 
0 
0 
0 
223 
 
2024 
223 
2 
0 
0 
0 
0 
225 
South Dakota 
2022 
29 
1 
0 
0 
0 
0 
30 
 
2023 
30 
1 
0 
0 
0 
0 
31 
 
2024 
31 
1 
0 
0 
0 
0 
32 
Tennessee 
2022 
321 
6 
0 
0 
0 
0 
327 
 
2023 
327 
3 
0 
0 
0 
0 
330 
 
2024 
330 
5 
0 
0 
0 
0 
335 
Texas 
2022 
1,071 
18 
3 
0 
0 
0 
1,086 
 
2023 
1,086 
28 
3 
2 
4 
0 
1,105 
 
2024 
1,105 
32 
1 
3 
0 
0 
1,133 
Utah 
2022 
106 
2 
0 
0 
0 
0 
108 
2023 
108 
5 
0 
0 
0 
0 
113 
2024 
113 
3 
0 
0 
0 
0 
116 
Vermont 
2022 
26 
0 
0 
0 
0 
0 
26 
 
2023 
26 
0 
0 
0 
0 
0 
26 
 
2024 
26 
0 
0 
0 
0 
0 
26 
Virginia 
2022 
358 
1 
1 
1 
0 
0 
357 
 
2023 
357 
1 
3 
1 
0 
0 
354 
 
2024 
354 
1 
2 
0 
0 
0 
353 
Washington 
2022 
228 
0 
0 
2 
0 
0 
226 
 
2023 
226 
1 
0 
0 
0 
0 
227 
 
2024 
227 
2 
0 
1 
0 
0 
228 
West Virginia 
2022 
103 
0 
0 
0 
0 
0 
103 
 
2023 
103 
0 
0 
1 
0 
0 
102 
 
2024 
102 
0 
0 
0 
0 
0 
102 
Wisconsin 
2022 
275 
0 
0 
0 
0 
0 
275 
 
2023 
275 
0 
2 
0 
0 
0 
273 
 
2024 
273 
0 
0 
0 
0 
0 
273 
Wyoming 
2022 
28 
0 
0 
0 
0 
0 
28 
 
2023 
28 
1 
0 
0 
0 
0 
29 
 
2024 
29 
0 
0 
0 
0 
0 
29 
Guantanamo Bay 
2022 
1 
0 
0 
0 
0 
0 
1 
 
2023 
1 
0 
0 
0 
0 
0 
1 
 
2024 
1 
0 
0 
0 
0 
0 
1 
Northern Mariana Islands 
2022 
2 
0 
0 
0 
0 
0 
2 
 
2023 
2 
0 
0 
0 
0 
0 
2 
 
2024 
2 
0 
0 
0 
0 
0 
2 
Total Outlets 
2022 
12,775 
84 
30 
18 
47 
0 
12,764 
 
2023 
12,764 
128 
73 
33 
13 
1 
12,772 
 
2024 
12,772 
167 
29 
15 
8 
0 
12,887 
 
