 
-42- 
State 
Year 
Outlets 
at Start 
of the 
Year 
Outlets 
Opened 
Terminations (1) 
Non-
Renewals (2) 
Reacquired 
by 
Franchisor 
(3) 
Ceased 
Operations - 
Other 
Reasons (4) 
Outlets 
at End 
of the 
Year 
Louisiana 
2022 
233 
4 
8 
0 
0 
0 
229 
 
2023 
229 
0 
2 
0 
0 
0 
227 
 
2024 
227 
0 
0 
0 
0 
0 
227 
Maine 
2022 
61 
0 
0 
0 
0 
0 
61 
 
2023 
61 
0 
0 
0 
0 
0 
61 
 
2024 
61 
0 
0 
0 
0 
0 
61 
Maryland 
2022 
224 
2 
1 
2 
0 
0 
223 
 
2023 
223 
2 
2 
0 
0 
0 
223 
 
2024 
223 
0 
1 
1 
0 
0 
221 
Massachusetts 
2022 
234 
0 
0 
2 
0 
0 
232 
 
2023 
232 
0 
1 
0 
0 
0 
231 
 
2024 
231 
2 
0 
0 
0 
0 
233 
Michigan 
2022 
479 
8 
0 
1 
0 
0 
486 
 
2023 
486 
0 
8 
3 
0 
0 
475 
 
2024 
475 
1 
2 
0 
0 
0 
474 
Minnesota 
2022 
222 
1 
1 
1 
0 
0 
221 
 
2023 
221 
2 
2 
0 
0 
0 
221 
 
2024 
221 
0 
1 
0 
0 
0 
220 
Mississippi 
2022 
141 
1 
0 
0 
0 
0 
142 
 
2023 
142 
0 
0 
0 
0 
0 
142 
 
2024 
142 
0 
2 
1 
0 
0 
139 
Missouri 
2022 
312 
0 
2 
0 
0 
0 
310 
 
2023 
310 
5 
3 
0 
0 
0 
312 
 
2024 
312 
5 
1 
1 
0 
0 
315 
Montana 
2022 
47 
0 
0 
0 
0 
0 
47 
2023 
47 
0 
0 
0 
0 
0 
47 
2024 
47 
0 
0 
0 
0 
0 
47 
Nebraska 
2022 
78 
0 
0 
1 
0 
0 
77 
 
2023 
77 
1 
1 
0 
0 
0 
77 
 
2024 
77 
2 
1 
0 
0 
0 
78 
Nevada 
2022 
115 
3 
0 
0 
0 
0 
118 
 
2023 
118 
3 
0 
0 
0 
0 
121 
 
2024 
121 
12 
0 
0 
0 
0 
133 
New Hampshire 
2022 
54 
0 
0 
0 
0 
0 
54 
 
2023 
54 
0 
0 
0 
0 
0 
54 
 
2024 
54 
0 
0 
0 
0 
0 
54 
New Jersey 
2022 
254 
0 
2 
0 
0 
0 
252 
 
2023 
252 
0 
1 
0 
0 
0 
251 
 
2024 
251 
1 
1 
0 
0 
0 
251 
New Mexico 
2022 
93 
2 
0 
0 
0 
0 
95 
 
2023 
95 
1 
0 
0 
0 
0 
96 
 
2024 
96 
3 
0 
0 
0 
0 
99 
New York 
2022 
595 
0 
1 
0 
0 
0 
594 
 
2023 
594 
3 
8 
16 
0 
0 
573 
 
2024 
573 
1 
2 
0 
1 
0 
571 
North Carolina 
2022 
446 
2 
0 
0 
0 
0 
448 
 
2023 
448 
13 
1 
0 
8 
0 
452 
 
2024 
452 
5 
0 
0 
1 
0 
456 
North Dakota 
2022 
25 
0 
0 
0 
0 
0 
25 
 
2023 
25 
1 
0 
0 
0 
0 
26 
 
2024 
26 
2 
0 
0 
0 
0 
28 
Ohio 
2022 
564 
4 
1 
0 
0 
0 
567 
 
2023 
567 
3 
1 
0 
0 
0 
569 
 
2024 
569 
5 
1 
0 
0 
0 
573 
