CHICK-FIL-A FRANCHISED RESTAURANTS
State

MS

MO

MT

NE

NV

NH

NJ

NM

NC

ND

NY

OH

Year
2022
2023
2024
2022
2023
2024
2022
2023
2024
2022
2023
2024
2022
2023
2024
2022
2023
2024
2022
2023
2024
2022
2023
2024
2022
2023
2024
2022
2023
2024
2022
2023
2024
2022
2023
2024

Outlets
at Start
of Year

Opened

24
29
30
28
31
35
1
2
3
8
7
8
12
15
15
2
3
3
44
47
52
12
12
11
147
155
163
3
3
3
28
35
40
63
68
72

7
1
3
4
5
4
1
1
0
0
2
2
3
1
1
1
0
1
11
7
7
0
2
1
11
11
9
0
0
1
8
5
10
7
6
7

Terminations

NonRenewals

Reacquired
by
Franchisor

Ceased
OperationsOther
Reasons

Outlets
at End
of the
Year

0
0
0
0
0
0
0
0
0
0
0
0
0
0
0
0
0
0
0
0
0
0
0
0
0
0
0
0
0
0
0
0
0
0
0
0

0
0
0
0
0
0
0
0
0
0
0
0
0
0
0
0
0
0
0
0
0
0
0
0
0
0
0
0
0
0
0
0
0
0
0
0

2
0
3
1
1
1
0
0
0
1
1
1
0
0
0
0
0
0
7
3
3
0
3
0
2
3
8
0
0
1
1
0
1
2
2
5

0
0
1
0
0
0
0
0
0
0
0
0
0
0
0
0
0
0
1
0
0
0
0
0
0
0
0
0
0
0
0
0
0
0
0
1

29
30
29
31
35
38
2
3
3
7
8
9
15
16
16
3
3
4
47
51
56
12
11
12
156
163
164
3
3
3
35
40
49
68
72
73

58

