CHICK-FIL-A LICENSED UNITS
State

MT

NE

NV

NJ

NM

NY

NC

ND

OH

OK

PA

SC

Year
2022
2023
2024
2022
2023
2024
2022
2023
2024
2022
2023
2024
2022
2023
2024
2022
2023
2024
2022
2023
2024
2022
2023
2024
2022
2023
2024
2022
2023
2024
2022
2023
2024
2022
2023
2024

Outlets
Ceased
Outlets
Reacquired
at Start
NonOperations- at End
Opened Terminations
by
of
Renewals
Other
of the
Franchisor
Year
Reasons
Year
0
0
0
3
3
2
1
1
1
3
3
5
2
2
2
1
2
7
26
26
24
1
1
1
8
7
8
12
11
12
20
22
23
18
18
19

0
0
1
0
0
1
0
0
0
0
2
1
0
0
0
1
5
4
0
0
0
0
0
0
0
2
0
0
1
0
2
1
0
1
1
1

0
0
0
0
1
0
0
0
0
0
0
0
0
0
0
0
0
0
0
2
1
0
0
0
1
1
0
1
0
0
0
0
0
1
0
0

0
0
0
0
0
0
0
0
0
0
0
0
0
0
0
0
0
0
0
0
0
0
0
0
0
0
0
0
0
0
0
0
0
0
0
0
54

0
0
0
0
0
0
0
0
0
0
0
0
0
0
0
0
0
0
0
0
0
0
0
0
0
0
0
0
0
0
0
0
0
0
0
0

0
0
0
0
0
0
0
0
0
0
0
0
0
0
0
0
0
0
0
0
0
0
0
0
0
0
0
0
0
0
0
0
0
0
0
0

0
0
1
3
2
3
1
1
1
3
5
6
2
2
2
2
7
11
26
24
23
1
1
1
7
8
8
11
12
12
22
23
23
18
19
20

