CHICK-FIL-A FRANCHISED RESTAURANTS
State

OK

OR

PA

RI

SC

SD

TN

TX

UT

VA

WA

WV

Year

Outlets
at Start
of
Year

Opened

2022
2023
2024
2022
2023
2024
2022
2023
2024
2022
2023
2024
2022
2023
2024
2022
2023
2024
2022
2023
2024
2022
2023
2024
2022
2023
2024
2022
2023
2024
2022
2023
2024
2022
2023
2024

34
34
39
7
9
10
67
69
78
1
1
2
77
80
79
1
1
1
71
72
78
376
388
415
28
24
27
112
111
118
19
19
21
17
15
16

2
5
4
2
1
3
4
10
5
0
0
0
7
2
4
0
0
0
2
7
4
31
39
33
0
5
1
4
14
8
0
2
0
0
3
2

Terminations

NonRenewals

Reacquired
by
Franchisor

Ceased
OperationsOther
Reasons

Outlets
at End
of the
Year

0
0
0
0
0
0
0
0
0
0
0
0
0
0
0
0
0
0
0
0
0
0
0
0
0
0
0
0
0
0
0
0
0
0
0
0

0
0
0
0
0
0
0
0
0
0
0
0
0
0
0
0
0
0
0
0
0
0
0
0
0
0
0
0
0
0
0
0
0
0
0
0

2
0
0
0
0
0
1
1
0
0
0
0
4
1
1
0
0
0
0
1
2
15
12
18
3
2
0
4
6
6
0
0
2
2
0
0

0
0
0
0
0
0
1
0
0
0
0
0
0
0
1
0
0
0
0
0
0
5
0
1
0
0
0
0
0
0
0
0
0
0
0
0

34
39
43
9
10
13
69
78
83
1
1
2
80
81
81
1
1
1
73
78
80
387
415
429
25
27
28
112
119
120
19
21
19
15
16
18

59

