State

ID

IL

IN

IA

KS

KY

LA

ME

MD

MA

MI

MN

Year
2022
2023
2024
2022
2023
2024
2022
2023
2024
2022
2023
2024
2022
2023
2024
2022
2023
2024
2022
2023
2024
2022
2023
2024
2022
2023
2024
2022
2023
2024
2022
2023
2024
2022
2023
2024

CHICK-FIL-A FRANCHISED RESTAURANTS
Outlets
Reacquired
at Start
NonOpened Terminations
by
of
Renewals
Franchisor
Year
6
6
6
46
48
52
36
42
45
12
13
13
16
18
18
30
34
38
34
40
45
2
2
2
73
74
77
16
17
17
15
21
24
16
19
21

0
0
0
6
9
7
7
4
5
2
0
6
2
2
2
4
4
2
9
8
1
0
0
0
3
7
4
2
0
2
6
3
4
4
2
2

0
0
0
0
0
0
0
0
0
0
0
0
0
0
0
0
0
0
0
0
0
0
0
0
0
0
0
0
0
0
0
0
0
0
0
0
57

0
0
0
0
0
0
0
0
0
0
0
0
0
0
0
0
0
0
0
0
0
0
0
0
0
0
0
0
0
0
0
0
0
0
0
0

0
0
1
4
5
3
2
1
1
1
0
2
0
2
0
0
1
1
2
3
1
0
0
0
1
1
1
1
0
0
0
0
0
1
0
0

Ceased
OperationsOther
Reasons

Outlets
at End
of the
Year

0
0
0
0
1
0
0
0
0
0
0
0
0
1
0
0
0
0
1
0
0
0
0
0
1
0
0
0
0
0
0
0
0
0
0
0

6
6
5
48
51
56
41
45
49
13
13
17
18
17
20
34
37
39
40
45
45
2
2
2
74
80
80
17
17
19
21
24
28
19
21
23

