(1)

(2)

(3)

(4)

(5)

(6)

(7)

(8)

(9)

State

Year

Outlets
at Start
of
Year

Outlets
Opened

Terminations
(1)

NonRenewals
(2)

Reacquired
by
Franchisor

Ceased
Operations
Other
Reasons (3)

Outlets
at End
of the
Year

2022
2023
2024
2022
2023
2024
2022
2023
2024
2022
2023
2024
2022
2023
2024
2022
2023
2024
2022
2023
2024
2022
2023
2024
2022
2023
2024
2022
2023
2024
2022
2023
2024
2022
2023
2024
2022
2023
2024

26
26
28
132
113
121
136
139
140
153
153
157
74
74
76
24
25
26
293
296
301
16
16
17
31
33
33
32
34
37
170
173
174
61
61
62
20
20
20

0
2
0
5
8
7
3
1
3
2
5
1
0
2
1
1
1
1
4
5
5
0
1
0
2
0
1
2
3
6
3
1
2
0
1
0
0
0
0

0
0
0
0
0
0
0
0
0
1
1
0
0
0
0
0
0
0
0
0
0
0
0
0
0
0
0
0
0
0
0
0
0
0
0
0
0
0
0

0
0
0
1
0
0
0
0
0
0
0
0
0
0
0
0
0
0
0
0
0
0
0
0
0
0
0
0
0
0
0
0
0
0
0
0
0
0
0

0
0
0
23
0
0
0
0
0
0
0
0
0
0
0
0
0
0
0
0
0
0
0
0
0
0
0
0
0
0
0
0
0
0
0
0
0
0
0

0
0
0
0
0
0
0
0
0
1
0
0
0
0
0
0
0
0
1
0
0
0
0
0
0
0
0
0
0
0
0
0
0
0
0
0
0
0
0

26
28
28
113
121
128
139
140
143
153
157
158
74
76
77
25
26
27
296
301
306
16
17
17
33
33
34
34
37
43
173
174
176
61
62
62
20
20
20

ME

MI

MN

MO

MS

MT
NC
ND
NE
NH
NJ
NM
NV

July 2025

67

