(1)

(2)

(3)

(4)

(5)

(6)

(7)

(8)

(9)

State

Year

Outlets
at Start
of
Year

Outlets
Opened

Terminations
(1)

NonRenewals
(2)

Reacquired
by
Franchisor

Ceased
Operations
Other
Reasons (3)

Outlets
at End
of the
Year

2022
2023
2024
2022
2023
2024
2022
2023
2024
2022
2023
2024
2022
2023
2024
2022
2023
2024
2022
2023
2024
2022
2023
2024
2022
2023
2024
2022
2023
2024
2022
2023
2024
2022
2023
2024
2022
2023
2024

232
233
237
268
269
275
81
82
86
83
87
88
243
250
260
26
26
26
114
115
117
17
17
19
169
174
181
626
641
661
29
80
81
175
176
176
15
16
16

1
5
0
4
7
3
1
4
4
4
1
2
11
10
9
0
0
0
1
2
5
0
2
3
5
7
6
15
20
18
51
1
3
2
0
2
1
0
0

0
0
1
1
0
0
0
0
0
0
0
0
3
0
0
0
0
0
0
0
0
0
0
0
0
0
0
0
0
0
0
0
0
0
0
0
0
0
0

0
0
0
0
0
0
0
0
0
0
0
0
0
0
0
0
0
0
0
0
0
0
0
0
0
0
0
0
0
0
0
0
0
0
0
0
0
0
0

0
0
0
0
0
0
0
0
0
0
0
0
0
0
0
0
0
0
0
0
0
0
0
0
0
0
0
0
0
0
0
0
0
0
0
0
0
0
0

0
1
0
2
1
1
0
0
0
0
0
0
1
0
0
0
0
0
0
0
1
0
0
0
0
0
1
0
0
0
0
0
0
1
0
1
0
0
0

233
237
236
269
275
277
82
86
90
87
88
90
250
260
269
26
26
26
115
117
121
17
19
22
174
181
186
641
661
679
80
81
84
176
176
177
16
16
16

NY
OH
OK
OR
PA
RI
SC
SD
TN
TX
UT

VA

VT

July 2025

68

