(1)

(2)

(3)

(4)

(5)

(6)

(7)

(8)

(9)

State

Year

DA at
Start of
Year

New DA
Opened

Terminations
(1)

NonRenewals
(2)

Reacquired
by
Franchisor

Ceased
Operations
Other
Reasons (3)

DA
at End
of the
Year

2022
2023
2024
2022
2023
2024
2022
2023
2024
2022
2023
2024
2022
2023
2024
2022
2023
2024
2022
2023
2024
2022
2023
2024
2022
2023
2024
2022
2023
2024
2022
2023
2024
2022
2023
2024
2022
2023
2024

3
4
4
2
0
2
6
3
2
8
6
9
4
3
3
2
1
5
1
1
2
1
1
3
2
2
0
1
1
0
7
9
7
3
4
2
8
8
8

2
3
4
0
2
0
0
1
6
0
4
9
0
1
2
0
5
3
0
1
1
0
3
3
0
0
2
0
0
1
4
1
1
2
0
2
0
4
5

0
0
0
0
0
0
0
0
0
1
0
0
1
0
0
1
0
0
0
0
0
0
0
0
0
0
0
0
0
0
0
0
0
0
0
0
0
1
0

1
0
0
2
0
0
3
1
1
1
0
2
0
0
0
0
0
0
0
0
0
0
0
0
0
0
0
0
0
0
1
3
0
1
1
0
0
0
0

0
0
0
0
0
0
0
0
0
0
0
0
0
0
0
0
0
0
0
0
0
0
0
0
0
0
0
0
0
0
0
0
0
0
0
0
0
0
0

0
3
1
0
0
1
0
1
0
0
1
0
0
1
0
0
1
0
0
0
0
0
1
0
0
2
0
0
1
0
1
0
0
0
1
1
0
3
1

4
4
7
0
2
1
3
2
7
6
9
16
3
3
5
1
5
8
1
2
3
1
3
6
2
0
2
1
0
1
9
7
8
4
2
3
8
8
12

IA
ID
IL
IN
KS
KY
LA
MA
MD
ME
MI

MN

MO

July 2025

73

