(1)

(2)

(3)

(4)

(5)

(6)

(7)

(8)

(9)

State

Year

Outlets
at Start
of
Year

Outlets
Opened

Terminations
(1)

NonRenewals
(2)

Reacquired
by
Franchisor

Ceased
Operations
Other
Reasons (3)

Outlets
at End
of the
Year

2022
2023
2024
2022
2023
2024
2022
2023
2024
2022
2023
2024
2022
2023
2024
2022
2023
2024
2022
2023
2024
2022
2023
2024
2022
2023
2024
2022
2023
2024
2022
2023
2024
2022
2023
2024
2022
2023
2024

26
26
26
382
398
408
225
230
238
22
24
26
47
49
54
45
45
46
217
224
228
126
132
135
47
49
50
96
98
100
108
110
110
135
138
142
86
86
86

0
0
0
16
11
16
5
8
7
2
2
3
2
5
2
0
1
1
7
5
4
6
4
6
2
3
2
2
2
5
2
0
2
3
4
3
1
0
2

0
0
0
0
0
0
0
0
0
0
0
0
0
0
0
0
0
0
0
0
0
0
0
1
0
2
0
0
0
0
0
0
0
0
0
0
0
0
0

0
0
0
0
0
0
0
0
0
0
0
0
0
0
0
0
0
0
0
0
0
0
0
0
0
0
0
0
0
0
0
0
0
0
0
0
0
0
0

0
0
0
0
0
0
0
0
0
0
0
0
0
0
0
0
0
0
0
0
0
0
0
0
0
0
0
0
0
0
0
0
0
0
0
0
0
0
0

0
0
0
0
1
1
0
0
0
0
0
0
0
0
0
0
0
0
0
1
0
0
1
0
0
0
0
0
0
0
0
0
0
0
0
0
1
0
0

26
26
26
398
408
423
230
238
245
24
26
29
49
54
56
45
46
47
224
228
232
132
135
140
49
50
52
98
100
105
110
110
112
138
142
145
86
86
88

DE

FL

GA

HI

IA

ID

IL

IN
KS
KY
LA
MA
MD

July 2025

66

