State

Nevada

New
Hampshire
New Jersey

New Mexico

New York

North
Carolina
Ohio

Oklahoma

Pennsylvania

Rhode Island

South
Carolina
Tennessee

Texas

Utah

Table 3:
Status of Dunkin’ Franchised Outlets for Years 2023 to 2025
Outlets
Ceased
at
Reacquired
Outlets at
Outlets TerminaNonOperations
Year Start
by
End of the
Opened
tions
Renewals
- Other
of
Franchisor
Year
Reasons
Year
2025
23
0
0
0
0
0
23
2023
38
4
0
0
0
0
42
2024
42
2
0
0
0
1
43
2025
43
2
0
0
0
0
45
2023
218
2
0
0
0
3
217
2024
217
0
0
3
0
1
213
2025
213
0
0
0
0
0
213
2023
797
18
0
0
0
9
807
2024
807
12
0
8
0
7
804
2025
804
5
0
2
0
5
810
2023
11
0
0
0
0
0
11
2024
11
1
0
0
0
0
12
2025
12
2
0
1
0
0
13
2023 1,134
34*
1
7
0
21
1,142
2024 1,142
35
0
1
0
6
1,165
2025 1,165
34*
0
3
0
6
1,209
2023
159
17
0
0
0
0
178
2024
178
10*
0
0
0
3
186
2025
186
11
0
1
0
2
195
2023
186
16
0
0
0
5
195
2024
195
17
0
0
0
0
211
2025
211
29*
0
1
0
1
239
2023
15
3
0
0
0
1
17
2024
17
2
0
0
0
1
18
2025
18
1
0
0
0
1
19
2023
603
32
1
2
0
9
619
2024
619
19*
0
1
0
4
625
2025
625
21*
0
0
0
3
647
2023
160
2
0
0
0
3
159
2024
159
1
0
1
0
1
158
2025
158
0
0
0
0
1
157
2023
93
6*
0
0
0
0
99
2024
99
8
0
0
0
0
108
2025
108
10
0
0
0
0
118
2023
115
14
1
1
0
1
126
2024
126
13
0
3
0
1
135
2025
135
11
0
0
0
0
147
2023
121
17
0
2
0
1
135
2024
135
19*
0
0
0
1
151
2025
151
30
0
0
0
0
181
2023
0
1
0
0
0
0
1
2024
1
1
0
0
0
0
2
2025
2
3
0
0
0
0
5
96

Dunkin’ | 2026 FDD
1625618704.4

