Table 3:
Status of Dunkin’ Franchised Outlets for Years 2023 to 2025
Outlets
Ceased
at
Reacquired
Outlets at
Outlets TerminaNonOperations
State
Year Start
by
End of the
Opened
tions
Renewals
- Other
of
Franchisor
Year
Reasons
Year
Hawaii
2023
6
0
0
0
0
0
6
2024
6
0
0
0
0
0
6
2025
6
0
0
0
0
0
6
Illinois
2023
455
16
0
2
0
11
457
2024
457
22
0
0
0
1
475
2025
475
8
0
3
0
4
476
2023
79
11
0
1
0
1
88
Indiana
2024
88
13*
0
1
0
0
100
2025
100
9*
0
0
0
0
110
Iowa
2023
34
0
0
0
0
0
34
2024
34
2
0
0
0
0
35
2025
35
1
0
0
0
1
35
2023
26
0
0
0
0
3
23
Kansas
2024
23
3*
0
0
0
1
25
2025
25
0
0
1
0
0
24
2023
34
7
0
0
0
0
41
Kentucky
2024
41
9
0
0
0
0
51
2025
51
10
0
0
0
0
61
2023
10
1
0
0
0
2
9
Louisiana
2024
9
0
0
0
0
0
9
2025
9
4
0
0
0
0
13
2023
159
6
0
0
0
2
163
Maine
2024
163
2
0
0
0
4
160
2025
160
0
0
2
0
1
157
2023
231
11
0
0
0
4
238
Maryland
2024
238
8
0
0
0
3
242
2025
242
9*
0
0
0
2
249
9
0
1
0
29
1,053
Massachusetts 2023 1,074
2024 1,053
12
0
4
0
16
1,041
2025 1,041
6*
0
6
0
6
1,035
2023
66
7
0
1
0
1
71
Michigan
2024
71
6
0
0
0
0
78
2025
78
12
0
0
0
0
90
2023
26
2
0
0
0
0
28
Minnesota
2024
28
4
0
1
0
0
31
2025
31
2
0
0
0
0
33
2023
10
2
0
0
0
0
12
Mississippi
2024
12
2
0
0
0
0
14
2025
14
1
0
0
0
0
15
2023
36
6
0
0
0
1
38
Missouri
2024
38
6
0
1
0
1
43
2025
43
1
2
0
0
1
41
2023
22
0
0
0
0
1
21
Nebraska
2024
21
2
0
0
0
0
23
95
Dunkin’ | 2026 FDD
1625618704.4

