Item 20 
03/2025 
Page 109 
State 
Year 
Outlets at 
Start of 
Year 
Outlets 
Opened
Terminations 
Non-
Renewals 
Reacquired 
by 
Franchisor 
Ceased-
Operatio
ns Other 
Reasons 
Outlets at 
the End of 
the Year 
ID 
2022 
36 
1 
0 
0 
0 
0 
37 
2023 
37 
1 
0 
1 
0 
0 
37 
2024
37
0
0
1
0
0
36
IL 
2022 
293 
1 
0 
0 
0 
10 
284 
2023 
283 
1 
0 
2 
0 
9 
273 
2024
273
3
0
4
16
3
253
IN 
2022 
192 
2 
0 
0 
0 
4 
190 
2023 
190 
0 
0 
1 
0 
1 
188 
2024
188
0 
0 
1 
101 
0 
86
KS 
2022 
66 
1 
0 
0 
0 
1 
66 
2023 
66 
0 
0 
1 
0 
3 
62 
2024
62
1
0
0
0
1
62
KY 
2022 
102 
2 
0 
0 
0 
1 
103 
2023 
103 
0 
0 
0 
0 
2 
101 
2024
101
3
0
0
41
0
63
LA 
2022 
155 
0 
0 
0 
0 
0 
155 
2023 
155 
0 
0 
0 
0 
10 
145 
2024
145
1
0
0
17
2
127
MA 
2022 
118 
1 
0 
0 
0 
0 
119 
2023 
119 
2 
0 
1 
0 
1 
119 
2024
119
0
0
1
1
0
117
MD 
2022 
116 
2 
0 
0 
0 
2 
116 
2023 
116 
1 
0 
1 
0 
4 
112 
2024
112
2
0
0
29
0
85
ME 
2022 
28 
0 
0 
0 
0 
1 
27 
2023 
27 
0 
0 
0 
0 
0 
27 
2024
27
0
0
0
14
0
13
MI 
2022 
278 
0 
0 
1 
0 
2 
275 
2023 
275 
2 
0 
1 
0 
32 
244 
2024
244
5
0
3
56
1
189
MN 
2022 
114 
0 
0 
2 
0 
4 
108 
2023 
108 
0 
0 
7 
0 
3 
98 
2024
98
0
0
1
0
1
96
MO 
2022 
127 
0 
0 
0 
0 
3 
124 
2023 
124 
0 
0 
3 
0 
10 
111 
2024
111
0
0
1
1
1
108
