Item 20 
03/2025 
Page 114 
State 
Year 
Outlets at 
Start of 
Year 
Outlets 
Opened 
Outlets 
Reacquired 
from 
Franchisee 
Outlets 
Closed 
Outlets 
Sold to 
Franchisee 
Outlets at 
End of the 
Year 
MI 
2022 
0 
0 
0 
0 
0 
0 
2023 
0 
0 
0 
0 
0 
0 
2024
0
0 
56 
1 
0 
55
MO 
2022 
0 
0 
0 
0 
0 
0 
2023 
0 
0 
0 
0 
0 
0 
2024
0
0
1
0
0
1
MS 
2022 
0 
0 
0 
0 
0 
0 
2023 
0 
0 
0 
0 
0 
0 
2024
0
0
33
0
0
33
MT 
2022 
0 
0 
0 
0 
0 
0 
2023 
0 
0 
12 
0 
0 
12 
2024
12
0
0
0
0
12
NC 
2022 
0 
0 
0 
0 
0 
0 
2023 
0 
0 
0 
0 
0 
0 
2024
0
0
154
0
0
154
NJ 
2022 
0 
0 
0 
0 
0 
0 
2023 
0 
0 
0 
0 
0 
0 
2024
0
0
10
0
0
10
NY 
2022 
0 
0 
0 
0 
0 
0 
2023 
0 
0 
0 
0 
0 
0 
2024
0
0
124
0
0
124
OH 
2022 
0 
0 
0 
0 
0 
0 
2023 
0 
0 
0 
0 
0 
0 
2024
0
0
115
0
0
115
PA 
2022 
0 
0 
0 
0 
0 
0 
2023 
0 
0 
1 
0 
0 
1 
2024
1
0
64
1
1
63
SC 
2022 
0 
0 
0 
0 
0 
0 
2023 
0 
0 
0 
0 
0 
0 
2024
0
0
43
0
0
43
TN 
2022 
0 
0 
0
0 
0 
0 
2023 
0 
0 
0 
0 
0 
0 
2024
0
0
113
2
1
110
UT 
2022 
0 
0 
0 
0 
0 
0 
2023 
0 
0 
17 
0 
0 
17 
2024
17
0
0
0
2
15
VA 
2022 
0 
0 
0 
0 
0 
0 
2023 
0 
0 
0 
0 
0 
0 
2024
0
0
66
1
0
65
