Item 20 
03/2025 
Page 110 
State 
Year 
Outlets at 
Start of 
Year 
Outlets 
Opened
Terminations 
Non-
Renewals 
Reacquired 
by 
Franchisor 
Ceased-
Operatio
ns Other 
Reasons 
Outlets at 
the End of 
the Year 
MS 
2022 
89 
0 
0 
0 
0 
0 
89 
2023 
89 
0 
0 
0 
0 
4 
85 
2024
85
0
0
1
33
0
51
MT 
2022 
24 
0 
0 
0 
0 
2 
22 
2023 
22 
0 
0 
0 
12 
6 
4 
2024
4
0
0
0
0
0
4
NC 
2022 
239 
4 
0 
0 
0 
4 
239 
2023 
238 
2 
0 
1 
0 
4 
235 
2024
235
0
0
0
154
1
80
ND 
2022 
21 
0 
0 
0 
0 
0 
21 
2023 
21 
0 
0 
0 
0 
6 
15 
2024
15
2
0
0
0
0
17
NE 
2022 
64 
0 
0 
0 
0 
0 
64 
2023 
64 
0 
0 
0 
0 
8 
56 
2024
56
0
0
0
0
1
55
NH 
2022 
30 
0 
0 
0 
0 
0 
30 
2023 
30 
0 
0 
0 
0 
1 
29 
2024
29
0
0
0
0
1
28
NJ 
2022 
180 
3 
0 
0 
0 
3 
180 
2023 
180 
2 
0 
4 
0 
6 
172 
2024
172
1
0
3
10
3
157
NM 
2022 
53 
0 
0 
0 
0 
0 
53 
2023 
53 
1 
0 
0 
0 
1 
53 
2024
53
0 
0 
0 
0 
0 
53
NV 
2022 
67 
1 
0 
0 
0 
0 
68 
2023 
68 
1 
0 
1 
0 
0 
68 
2024
68
1
0
1
0
1
67
NY 
2022 
346 
12 
0 
0 
0 
6 
352 
2023 
352 
10 
0 
7 
0 
8 
347 
2024
347
8
0
1
124
0
230
OH 
2022 
315 
2 
0 
0 
0 
18 
299 
2023 
299 
2 
0 
0 
0 
11 
290 
2024
290
1
0
0
115
0
176
OK 
2022 
63 
1 
0 
0 
0 
1 
63 
2023 
63 
0 
0 
0 
0 
3 
60 
2024
60
0
0
0
0
1
59
