  (1)             (2)     (3)        (4)        (5)          (6)         (7)           (8)        (9)

 State        Year       DA at     New DA   Terminations     Non-     Reacquired    Ceased         DA
                        Start of   Opened       (1)        Renewals       by       Operations    at End
                         Year                                 (2)     Franchisor     Other       of the
                                                                                   Reasons (3)    Year
PA            2023         5         10          0            1           0            4          10
              2024        10         11          0            0           0            1          20
              2025        20          3          0            3           0            0          20
RI            2023         0          1          0            0           0            0           1
              2024         1          1          0            0           0            0           2
              2025         2          0          0            0           0            0           2
SC            2023         3          5          0            0           0            3           5
              2024         5          7          0            0           0            0          12
              2025        12          0          0            1           0            0          11
SD            2023         1          2          0            0           0            1           2
              2024         2          1          0            0           0            0           3
              2025         3          1          0            0           0            0           4
TN            2023         6          7          0            1           0            4           8
              2024         8          2          0            0           0            0          10
              2025        10          3          0            0           0            2          11
TX            2023        15         19          0            1           0            9          24
              2024        24         11          0            4           0            1          30
              2025        30          7          0            2           0            3          32
UT            2023         2          3          0            1           0            1           3
              2024         3          1          0            0           0            0           4
              2025         4          1          0            0           0            1           4
VA            2023         4          3          0            0           0            3           4
              2024         4          3          0            1           0            0           6
              2025         6          1          0            1           0            0           6
VT            2023         0          2          0            0           0            0           2
              2024         2          1          0            0           0            0           3
              2025         3          2          0            0           0            0           5
WA            2023         3          2          0            0           0            3           2
              2024         2          2          0            0           0            0           4
              2025         4          3          0            1           0            1           5
WI            2023         4          3          0            2           0            2           3
              2024         3          2          0            0           0            0           5
              2025         5          3          0            0           0            0           8
WV            2023         1          0          0            0           0            0           1
              2024         1          1          0            0           0            0           2
              2025         2          0          0            0           0            0           2
WY            2023         2          2          0            0           0            2           2
              2024         2          1          0            0           0            0           3
              2025         3          0          0            0           0            0           3

     April 2026                                       75
