             (1)   (2)                 (3)

        State      Year        Number of Transfers
 NY                2023                 0
                   2024                34
                   2025                 1
 OH                2023                18
                   2024                27
                   2025                34
 OK                2023                 2
                   2024                 2
                   2025                23
 OR                2023                 9
                   2024                 8
                   2025                 4
 PA                2023                16
                   2024                55
                   2025                14
 RI                2023                 5
                   2024                 3
                   2025                 0
 SC                2023                28
                   2024                12
                   2025                 2
 SD                2023                 0
                   2024                 0
                   2025                 0
 TN                2023                14
                   2024                 8
                   2025                 3
 TX                2023                34
                   2024                51
                   2025               130
 UT                2023                 0
                   2024                 0
                   2025                 2
 VA                2023                52
                   2024                17
                   2025                 0
 VT                2023                 1
                   2024                 5
                   2025                 2

April 2026                63
