             (1)   (2)                 (3)

        State      Year        Number of Transfers
 ME                2023                 0
                   2024                 0
                   2025                 5
 MI                2023                13
                   2024                12
                   2025                18
 MN                2023                 1
                   2024                11
                   2025                12
 MO                2023                25
                   2024                 0
                   2025                 4
 MS                2023                 0
                   2024                 1
                   2025                 7
 MT                2023                 0
                   2024                 0
                   2025                 0
 NC                2023                 9
                   2024                 5
                   2025                25
 ND                2023                 4
                   2024                 1
                   2025                 0
 NE                2023                 2
                   2024                 0
                   2025                 4
 NH                2023                 1
                   2024                 0
                   2025                 5
 NJ                2023                23
                   2024                 5
                   2025                 3
 NM                2023                 0
                   2024                 0
                   2025                 7
 NV                2023                 0
                   2024                 0
                   2025                 0

April 2026                62
