  (1)             (2)     (3)        (4)        (5)          (6)         (7)           (8)        (9)

 State        Year       DA at     New DA   Terminations     Non-     Reacquired    Ceased         DA
                        Start of   Opened       (1)        Renewals       by       Operations    at End
                         Year                                 (2)     Franchisor     Other       of the
                                                                                   Reasons (3)    Year
MS            2023         1         3           0            1           0            0           3
              2024         3         0           0            0           0            0           3
              2025         3         3           0            0           0            0           6
MT            2023         3         1           0            0           0            1           3
              2024         3         0           0            1           0            0           2
              2025         2         0           0            1           0            1           0
NC            2023         3         7           0            1           0            1           8
              2024         8         5           0            0           0            0          13
              2025        13         4           0            1           0            0          16
ND            2023         2         1           0            0           0            1           2
              2024         2         0           0            0           0            0           2
              2025         2         0           0            0           0            0           2
NE            2023         2         1           0            0           0            2           1
              2024         1         4           0            0           0            0           5
              2025         5         0           0            0           0            0           5
NH            2023         1         3           0            0           0            1           3
              2024         3         1           0            0           0            0           4
              2025         4         1           0            0           0            0           5
NJ            2023         1         4           0            0           0            1           4
              2024         4         2           0            1           0            0           5
              2025         5         0           0            3           0            0           2
NM            2023         1         1           0            0           0            1           1
              2024         1         0           0            0           0            0           1
              2025         1         1           0            0           0            0           2
NV            2023         2         1           0            1           0            1           1
              2024         1         0           0            0           0            1           0
              2025         0         0           0            0           0            0           0
NY            2023         3         2           0            0           0            1           4
              2024         4         1           0            1           0            0           4
              2025         4         4           0            2           0            1           5
OH            2023         4         6           0            0           0            2           8
              2024         8         5           1            0           0            0          12
              2025        12         5           0            1           0            2          14
OK            2023         4         3           0            0           0            3           4
              2024         4         3           0            1           0            1           5
              2025         5         1           0            0           0            2           4
OR            2023         4         5           0            0           0            4           5
              2024         5         2           0            0           0            1           6
              2025         6         5           0            1           0            3           7

     April 2026                                       74
