             (1)   (2)                 (3)

        State      Year        Number of Transfers
 DE                2023                 0
                   2024                 0
                   2025                16
 FL                2023                39
                   2024                44
                   2025                26
 GA                2023                43
                   2024                30
                   2025                28
 HI                2023                 0
                   2024                 0
                   2025                 0
 IA                2023                 0
                   2024                 3
                   2025                 6
 ID                2023                 0
                   2024                 8
                   2025                15
 IL                2023                17
                   2024                18
                   2025                15
 IN                2023                12
                   2024                33
                   2025                 6
 KS                2023                22
                   2024                 0
                   2025                 2
 KY                2023                 0
                   2024                 0
                   2025                 0
 LA                2023                 7
                   2024                 2
                   2025                 1
 MA                2023                29
                   2024                10
                   2025                13
 MD                2023                23
                   2024                 0
                   2025                 1

April 2026                61
