                                             ITEM 20 TABLE NO. 3
                                   Status of Development Agreements (“DA”)
                                           For years 2023, 2024, 2025

  (1)             (2)     (3)         (4)         (5)          (6)           (7)         (8)        (9)

 State        Year       DA at     New DA    Terminations      Non-     Reacquired    Ceased         DA
                        Start of   Opened        (1)         Renewals       by       Operations    at End
                         Year                                   (2)     Franchisor     Other       of the
                                                                                     Reasons (3)    Year
AK            2023         1           0          0             0            0           0           1
              2024         1           0          0             0            0           0           1
              2025         1           1          0             0            0           0           2
AL            2023         2           4          0             1            0           0           5
              2024         5           1          0             1            0           0           5
              2025         5           5          0             1            0           1           8
AR            2023         3           1          0             0            0           1           3
              2024         3           1          0             0            0           0           4
              2025         4           2          0             0            0           1           5
AZ            2023         5           4          0             1            0           2           6
              2024         6           0          0             0            0           0           6
              2025         6           2          0             0            0           1           7
CA            2023         9           9          0             0            0           5          13
              2024        13           3          0             1            0           2          13
              2025        13           7          0             1            0           1          18
CO            2023         5           7          0             1            0           4           7
              2024         7           2          0             0            0           0           9
              2025         9           0          0             2            0           1           6
CT            2023         1           2          0             0            0           1           2
              2024         2           2          0             0            0           0           4
              2025         4           2          0             1            0           0           5
DC            2023         0           0          0             0            0           0           0
              2024         0           1          0             0            0           0           1
              2025         1           0          0             0            0           0           1
DE            2023         2           0          0             0            0           2           0
              2024         0           0          0             0            0           0           0
              2025         0           1          0             0            0           0           1
FL            2023        16          14          0             5            0           5          20
              2024        20           4          0             1            0           2          21
              2025        21           7          0             7            0           1          20
GA            2023         3           7          0             0            0           3           7
              2024         7           7          0             0            0           1          13
              2025        13           6          0             2            0           0          17
HI            2023         1           1          0             0            0           1           1
              2024         1           0          0             0            0           0           1
              2025         1           1          0             0            0           1           1
     April 2026                                         72
