     (1)            (2)     (3)        (4)        (5)          (6)         (7)           (8)        (9)

 State          Year       DA at     New DA   Terminations     Non-     Reacquired    Ceased         DA
                          Start of   Opened       (1)        Renewals       by       Operations    at End
                           Year                                 (2)     Franchisor     Other       of the
                                                                                     Reasons (3)    Year
IA              2023         4         3           0            0           0            3           4
                2024         4         4           0            0           0            1           7
                2025         7         0           0            0           0            0           7
ID              2023         0         2           0            0           0            0           2
                2024         2         0           0            0           0            1           1
                2025         1         2           0            0           0            0           3
IL              2023         3         1           0            1           0            1           2
                2024         2         6           0            1           0            0           7
                2025         7         4           0            0           0            0          11
IN              2023         6         4           0            0           0            1           9
                2024         9         9           0            2           0            0          16
                2025        16         1           0            2           0            2          13
KS              2023         3         1           0            0           0            1           3
                2024         3         2           0            0           0            0           5
                2025         5         1           0            1           0            1           4
KY              2023         1         5           0            0           0            1           5
                2024         5         3           0            0           0            0           8
                2025         8         0           0            0           0            1           7
LA              2023         1         1           0            0           0            0           2
                2024         2         1           0            0           0            0           3
                2025         3         1           0            0           0            0           4
MA              2023         1         3           0            0           0            1           3
                2024         3         3           0            0           0            0           6
                2025         6         2           0            1           0            1           6
MD              2023         2         0           0            0           0            2           0
                2024         0         2           0            0           0            0           2
                2025         2         1           0            1           0            0           2
ME              2023         1         0           0            0           0            1           0
                2024         0         1           0            0           0            0           1
                2025         1         1           0            0           0            0           2
MI              2023         9         1           0            3           0            0           7
                2024         7         1           0            0           0            0           8
                2025         8         3           0            1           0            1           9
MN              2023         4         0           0            1           0            1           2
                2024         2         2           0            0           0            1           3
                2025         3         0           0            0           0            0           3
MO              2023         8         4           1            0           0            3           8
                2024         8         5           0            0           0            1          12
                2025        12         3           0            1           0            1          13

       April 2026                                       73
