     (1)     (2)      (3)        (4)         (5)          (6)         (7)           (8)         (9)

   State     Year   Outlets    Outlets   Terminations     Non-     Reacquired    Ceased       Outlets
                    at Start   Opened        (1)        Renewals       by       Operations    at End
                       of                                  (2)     Franchisor     Other       of the
                     Year                                                       Reasons (3)    Year
 NY          2023    233          5           0            0           0            1          237
             2024    237          0           1            0           0            0          236
             2025    236          3           0            0           0            0          239
 OH          2023    269          7           0            0           0            1          275
             2024    275          3           0            0           0            1          277
             2025    277          9           7            0           0            0          279
 OK          2023     82          4           0            0           0            0           86
             2024     86          4           0            0           0            0           90
             2025     90          1           0            0           0            0           91
 OR          2023     87          1           0            0           0            0           88
             2024     88          2           0            0           0            0           90
             2025     90          5           0            0           0            0           95
 PA          2023    250         10           0            0           0            0          260
             2024    260          9           0            0           0            0          269
             2025    269          9           0            0           0            0          278
 RI          2023     26          0           0            0           0            0           26
             2024     26          0           0            0           0            0           26
             2025     26          1           0            0           0            0           27
 SC          2023    115          2           0            0           0            0          117
             2024    117          5           0            0           0            1          121
             2025    121          6           0            0           0            0          127
 SD          2023     17          2           0            0           0            0           19
             2024     19          3           0            0           0            0           22
             2025     22          0           0            0           0            0           22
 TN          2023    174          7           0            0           0            0          181
             2024    181          6           0            0           0            1          186
             2025    186          8           0            0           0            0          194
 TX          2023    641         20           0            0           0            0          661
             2024    661         18           0            0           0            0          679
             2025    679         23           0            1           0            0          701
 UT          2023     80          1           0            0           0            0           81
             2024     81          3           0            0           0            0           84
             2025     84          2           0            0           0            0           86
 VA          2023    176          0           0            0           0            0          176
             2024    176          2           0            0           0            1          177
             2025    177          0           1            0           0            0          176
 VT          2023     16          0           0            0           0            0           16
             2024     16          0           0            0           0            0           16
             2025     16          1           0            0           0            0           17

April 2026                                         68
