     (1)     (2)      (3)        (4)         (5)          (6)         (7)           (8)         (9)

   State     Year   Outlets    Outlets   Terminations     Non-     Reacquired    Ceased       Outlets
                    at Start   Opened        (1)        Renewals       by       Operations    at End
                       of                                  (2)     Franchisor     Other       of the
                     Year                                                       Reasons (3)    Year
 ME          2023     26         2            0            0           0            0           28
             2024     28         0            0            0           0            0           28
             2025     28         1            0            0           0            0           29
 MI          2023    113         8            0            0           0            0          121
             2024    121         7            0            0           0            0          128
             2025    128         6            0            0           0            1          133
 MN          2023    139         1            0            0           0            0          140
             2024    140         3            0            0           0            0          143
             2025    143         2            0            0           0            0          145
 MO          2023    153         5            1            0           0            0          157
             2024    157         1            0            0           0            0          158
             2025    158         3            0            0           0            0          161
 MS          2023     74         2            0            0           0            0           76
             2024     76         1            0            0           0            0           77
             2025     77         0            0            0           0            0           77
 MT          2023     25         1            0            0           0            0           26
             2024     26         1            0            0           0            0           27
             2025     27         1            0            0           0            0           28
 NC          2023    296         5            0            0           0            0          301
             2024    301         5            0            0           0            0          306
             2025    306         5            0            0           0            0          311
 ND          2023     16         1            0            0           0            0           17
             2024     17         0            0            0           0            0           17
             2025     17         0            0            0           0            1           16
 NE          2023     33         0            0            0           0            0           33
             2024     33         1            0            0           0            0           34
             2025     34         1            0            0           0            0           35
 NH          2023     34         3            0            0           0            0           37
             2024     37         6            0            0           0            0           43
             2025     43         1            0            0           0            0           44
 NJ          2023    173         1            0            0           0            0          174
             2024    174         2            0            0           0            0          176
             2025    176         1            0            0           0            0          177
 NM          2023     61         1            0            0           0            0           62
             2024     62         0            0            0           0            0           62
             2025     62         0            0            0           0            0           62
 NV          2023     20         0            0            0           0            0           20
             2024     20         0            0            0           0            0           20
             2025     20         0            0            0           0            0           20
April 2026                                         67
