      (1)    (2)      (3)        (4)         (5)          (6)         (7)           (8)         (9)

   State     Year   Outlets    Outlets   Terminations     Non-     Reacquired    Ceased       Outlets
                    at Start   Opened        (1)        Renewals       by       Operations    at End
                       of                                  (2)     Franchisor     Other       of the
                     Year                                                       Reasons (3)    Year
 DE          2023     26          0           0            0           0            0           26
             2024     26          0           0            0           0            0           26
             2025     26          0           0            0           0            0           26
 FL          2023    398         11           0            0           0            1          408
             2024    408         16           0            0           0            1          423
             2025    423         12           1            1           2            0          431
 GA          2023    230          8           0            0           0            0          238
             2024    238          7           0            0           0            0          245
             2025    245          4           0            0           0            0          249
 HI          2023     24          2           0            0           0            0           26
             2024     26          3           0            0           0            0           29
             2025     29          1           0            0           0            1           29
 IA          2023     49          5           0            0           0            0           54
             2024     54          2           0            0           0            0           56
             2025     56          2           0            0           0            0           58
 ID          2023     45          1           0            0           0            0           46
             2024     46          1           0            0           0            0           47
             2025     47          1           0            0           0            0           48
 IL          2023    224          5           0            0           0            1          228
             2024    228          3           0            0           0            0          231
             2025    231          4           0            0           0            0          235
 IN          2023    132          4           0            0           0            1          135
             2024    135          7           1            0           0            0          141
             2025    141          8           0            0           0            0          149
 KS          2023     49          3           2            0           0            0           50
             2024     50          2           0            0           0            0           52
             2025     52          2           0            0           0            0           54
 KY          2023     98          2           0            0           0            0          100
             2024    100          5           0            0           0            0          105
             2025    105          4           0            0           0            0          109
 LA          2023    110          0           0            0           0            0          110
             2024    110          2           0            0           0            0          112
             2025    112          4           0            0           0            0          116
 MA          2023    138          4           0            0           0            0          142
             2024    142          3           0            0           0            0          145
             2025    145          1           0            0           0            0          146
 MD          2023     86          0           0            0           0            0           86
             2024     86          2           0            0           0            0           88
             2025     88         36           0            0           0            0          124
April 2026                                         66
